id id oldid year misOrder kubun ken shi name forcheck med_cost_per1man1day med_cost general_beds use_rate_general_beds ave_stay_general ave_impatient_per1day out_patient patient outpatient_rate assets_building_100beds doctors_100beds nurses_100beds pharmacist_100beds DPCdummyH20 fixedeffect
1 1 1 23 1 県立 北海道  江差病院 北海道江差病院 16974.54089 2837634 146 62.8 20.4 111 347 458 208.8 20894 10.8 57 2.2 0 -579.9828
2 2 2 23 1 県立 北海道  羽幌病院 北海道羽幌病院 17227.05737 1672575 120 30 20.1 36 230 266 425.6 26258 7.9 40 2.3 0 3.776521
3 3 5 23 1 県立 北海道  北見病院 北海道北見病院 62789.96777 1558447 130 16.8 17.5 22 46 68 141 6418 5.5 41 2.8 0 38985.75
4 4 6 23 1 県立 北海道  苫小牧病院 北海道苫小牧病院 38163.34691 1030792 40 52.4 21.1 24 50 74 137.9 10506 3.9 24 1.7 0 18911.8
5 5 7 23 1 県立 北海道  子ども総合医療・療育センター 北海道子ども総合医療・療育センター 33056.44011 3776533 215 76.3 19.4 164 149 313 60.6 30922 21.7 90 1.9 0 13311.98
6 6 8 23 1 県立 青森県  中央病院 青森県中央病院 27000.35333 18645904 689 86.1 14.9 595 1297 1892 145.4 18326 19.4 99 3.7 0 3883.36
7 7 10 23 1 県立 岩手県  中央病院 岩手県中央病院 26778.991 18121611 685 92.2 13 632 1222 1854 129 24054 26.3 83 4.1 1 995.277
8 8 11 23 1 県立 岩手県  大船渡病院 岩手県大船渡病院 18095.42428 7608764 370 69.8 13.4 320 832 1152 173.2 29151 12.3 59 3.6 1 -2060.86
9 9 12 23 1 県立 岩手県  釜石病院 岩手県釜石病院 16931.44063 4091144 272 80.8 12.8 140 522 662 248.8 17333 11.7 61 4.1 0 -1249.343
10 10 13 23 1 県立 岩手県  宮古病院 岩手県宮古病院 23652.04674 5870438 363 64.4 14.1 241 439 680 121.3 22126 12.6 60 3.4 0 4118.845
11 11 14 23 1 県立 岩手県  胆沢病院 岩手県胆沢病院 20618.97282 7232414 331 86.2 14.2 287 674 961 156.8 32655 18.2 79 4.1 1 -497.3638
12 12 15 23 1 県立 岩手県  磐井病院 岩手県磐井病院 21715.37601 6214072 305 84.5 11.9 258 526 784 136.1 34695 21.3 77.4 4.3 1 321.7292
13 13 16 23 1 県立 岩手県  遠野病院 岩手県遠野病院 13141.16705 2954660 177 82 20.4 145 471 616 216.4 15261 9.3 56 4.1 0 -3755.43
14 14 17 23 1 県立 岩手県  高田病院 岩手県高田病院 12547.26797 815196 41 64.2 15.7 4 174 178 2685.9 10851 40.7 97 6.6 0 -3913.847
15 15 18 23 1 県立 岩手県  久慈病院 岩手県久慈病院 16247.44596 5971830 295 69 15.1 233 774 1007 221.7 33900 13.9 64 4.2 1 -3540.336
16 16 19 23 1 県立 岩手県  江刺病院 岩手県江刺病院 14166.13925 2001038 130 75.4 19.9 98 289 387 196.5 19193 9.2 62 4.1 0 -3157.178
17 17 20 23 1 県立 岩手県  千厩病院 岩手県千厩病院 18988.48238 2820834 190 107.4 20.3 132 275 407 139.6 25758 8.1 64 4.6 0 1463.416
18 18 21 23 1 県立 岩手県  中部病院 岩手県中部病院 30229.43535 9952437 414 85.4 11 355 547 902 102.8 31005 22.9 81 3.1 0 8622.195
19 19 22 23 1 県立 岩手県  二戸病院 岩手県二戸病院 16143.11969 5208739 290 72.5 14.4 202 682 884 224.7 38174 16.4 66.3 3.7 1 -3888.941
20 20 23 23 1 県立 岩手県  一戸病院 岩手県一戸病院 11914.83113 2961610 48 79.5 17.3 254 427 681 111.8 22281 6.6 44 1.8 0 -9373.196
23 23 26 23 1 県立 岩手県  軽米病院 岩手県軽米病院 12385.03599 1066847 60 87.2 19.9 87 149 236 114.3 12073 8.7 47 2.9 0 -4191.65
25 25 28 23 1 県立 岩手県  東和病院 岩手県東和病院 14040.81727 907107 68 94.7 21.4 64 113 177 116.7 23398 8.5 63.2 4.4 0 -2668.814
26 26 33 23 1 県立 山形県  中央病院 山形県中央病院 29781.59753 17816394 658 83.6 13.2 550 1089 1639 132 39823 24.7 109 3.5 1 5869.598
27 27 34 23 1 県立 山形県  新庄病院 山形県新庄病院 16715.03705 7443206 452 77.5 16.1 350 870 1220 166.3 11160 10.3 81 3.4 0 -2142.671
28 28 35 23 1 県立 山形県  河北病院 山形県河北病院 16979.34804 4815428 219 87.9 15.3 193 584 777 203 13689 14.2 92.2 4.7 1 -2202.024
29 29 38 23 1 県立 福島県  喜多方病院 福島県喜多方病院 21006.49158 1203777 50 66.4 18.8 33 124 157 249.1 5499 13.2 97 6 0 2594.104
30 30 39 23 1 県立 福島県  南会津病院 福島県南会津病院 17549.85892 2145909 100 70.7 17.3 71 264 335 249.3 22246 16.9 103 5 1 1240.38
31 31 40 23 1 県立 福島県  宮下病院 福島県宮下病院 21314.92276 731315 32 64.1 20.1 21 73 94 237.4 8085 20.3 80 9.4 0 398.2799
33 33 42 23 1 県立 福島県  会津総合病院 福島県会津総合病院 29218.29374 5055057 204 41.9 14.8 97 377 474 259 5600 15.7 72.9 4.8 1 9781.011
34 34 44 23 1 県立 茨城県  中央病院 茨城県中央病院 27254.94844 12395278 475 71.5 12.3 344 902 1246 175 16566 21.3 93 4.4 1 6404.043
35 35 45 23 1 県立 茨城県  こども病院 茨城県こども病院 52395.71173 4398620 115 81.3 15 93 137 230 97.3 26486 25.2 165 4.3 0 32591.62
36 36 47 23 1 県立 栃木県  がんセンター 栃木県がんセンター 34579.21102 8607803 324 76.2 17.4 247 435 682 117.6 31669 18.2 80 3.7 1 14939.5
37 37 48 23 1 県立 栃木県  とちぎリハビリテーションセンター 栃木県とちぎリハビリテーションセンター 24969.33323 1649599 80 88.7 62.4 71 110 181 103.4 46911 8.8 59 2.5 0 8997.11
38 38 49 23 1 県立 群馬県  心臓血管センター 群馬県心臓血管センター 43851.08191 7842766 240 65.9 12.9 158 332 490 139.8 25682 20.4 102 5.4 1 23752.38
39 39 50 23 1 県立 群馬県  がんセンター 群馬県がんセンター 35288.32704 8178952 332 79.3 17.8 263 372 635 94.2 35425 15.6 66 5.4 0 15025.91
40 40 52 23 1 県立 群馬県  小児医療センター 群馬県小児医療センター 47063.42603 5136267 150 75.8 14.4 114 185 299 108 40974 30.7 175 6 0 24206.73
41 41 53 23 1 県立 埼玉県  循環器・呼吸器病センター 埼玉県循環器・呼吸器病センター 46300.30256 9717276 268 89.1 14.1 262 313 575 79.8 21782 15.7 98 3.1 1 28128.7
42 42 54 23 1 県立 埼玉県  がんセンター 埼玉県がんセンター 32770.86304 13468497 400 86.6 14.9 347 779 1126 149.8 14824 22.8 101 4 0 10799.84
43 43 55 23 1 県立 埼玉県  小児医療センター 埼玉県小児医療センター 36412.82592 10180662 300 75.3 15.1 226 540 766 159.2 18786 22 123 4.7 0 15173.56
44 44 57 23 1 県立 千葉県  循環器病センター 千葉県循環器病センター 40895.84531 7254514 220 79.6 17.2 175 311 486 118.4 39671 20 120 3.6 0 22027.63
45 45 58 23 1 県立 千葉県  東金病院 千葉県東金病院 21122.69975 1796380 179 18.8 13.6 34 199 233 396 9568 6.8 31 2.1 0 6726.43
46 46 59 23 1 県立 千葉県  佐原病院 千葉県佐原病院 17997.47336 4729736 237 82.1 17.5 195 525 720 179.9 14098 10.8 93 3.4 1 2141.555
47 47 61 23 1 県立 千葉県  がんセンター 千葉県がんセンター 37666.23559 11795935 341 84.1 13.1 287 571 858 132.8 12499 27 84 3.5 1 20073.68
48 48 62 23 1 県立 千葉県  救急医療センター 千葉県救急医療センター 125732.2425 4956365 100 80.3 13.5 80 28 108 34.6 22830 38 177 9.1 0 98496.41
49 49 63 23 1 県立 千葉県  こども病院 千葉県こども病院 45257.05508 8028149 224 80.9 14.8 165 321 486 130 19353 36.2 125 3.6 0 25476.73
50 50 64 23 1 県立 東京都  広尾病院 東京都広尾病院 34968.34978 14512040 452 82.8 13.6 399 738 1137 149 17812 20.3 97 3.3 1 13257.57
51 51 65 23 1 県立 東京都  大塚病院 東京都大塚病院 28011.00944 12749351 508 83.4 16.2 424 823 1247 156.5 15044 18.5 88 2.8 1 7897.589
52 52 66 23 1 県立 東京都  駒込病院 東京都駒込病院 42881.21731 27546894 876 72.4 18 634 1126 1760 143.2 25334 16.3 75 3.3 1 18891.36
53 53 67 23 1 県立 東京都  墨東病院 東京都墨東病院 35808.36068 23787494 726 86.1 14.4 651 1169 1820 144.7 24046 19.8 89 2.8 1 12626.41
54 54 68 23 1 県立 東京都  多摩総合医療センター 東京都多摩総合医療センター 34145.34171 27069744 705 89.3 13.6 683 1489 2172 175.6 33560 19.4 91 3.5 0 10906.93
55 55 69 23 1 県立 東京都  神経病院 東京都神経病院 66617.62998 6540852 304 83 27.7 252 17 269 5.6 8769 14.8 81 1.6 0 44399.71
56 56 70 23 1 県立 東京都  松沢病院 東京都松沢病院 27129.69119 10862864 90 55.2 69.8 746 351 1097 37.9 19323 4.1 38 0.9 0 -2859.472
57 57 71 23 1 県立 東京都  小児総合医療センター 東京都小児総合医療センター 45470.46225 17642312 347 85.4 21.4 440 623 1063 114.1 39552 21.7 108.9 3.4 0 14777.2
62 62 79 23 1 県立 新潟県  松代病院 新潟県松代病院 16566.04847 786059 55 73.4 20.9 40 90 130 148.8 3784 6.4 57 5.1 0 447.0378
63 63 80 23 1 県立 新潟県  柿崎病院 新潟県柿崎病院 13782.17004 950763 55 82.4 25.6 45 144 189 211.4 6494 9.6 71 5.5 0 -2697.865
64 64 81 23 1 県立 新潟県  津川病院 新潟県津川病院 15293.28304 1155484 67 55.1 13.7 37 170 207 306.1 5420 11.5 64 7.2 0 -2782.492
65 65 82 23 1 県立 新潟県  妙高病院 新潟県妙高病院 13776.05776 1020737 60 83.7 26.3 50 153 203 203.2 7610 5.2 67 5 0 -1926.679
66 66 83 23 1 県立 新潟県  リウマチセンター 新潟県リウマチセンター 28618.31794 1796658 100 87.5 20.5 87 85 172 64.9 27054 9.3 60 3.8 0 12180.02
67 67 84 23 1 県立 新潟県  坂町病院 新潟県坂町病院 13929.38094 2791239 150 87.6 20.2 131 418 549 212 7655 9.5 74 4.5 0 -2918.954
68 68 85 23 1 県立 新潟県  六日町病院 新潟県六日町病院 15283.49379 3603695 199 71.5 17.4 142 504 646 235.8 6068 10.8 79 3.4 0 -1568.286
69 69 86 23 1 県立 新潟県  加茂病院 新潟県加茂病院 19365.55263 2170007 150 62 22.3 114 193 307 112.2 2895 6 52 2.8 0 2857.313
70 70 87 23 1 県立 新潟県  十日町病院 新潟県十日町病院 16661.1144 4500167 275 85.3 18.4 235 505 740 143.5 4208 10.1 69 3.6 1 -1251.83
71 71 88 23 1 県立 新潟県  小出病院 新潟県小出病院 14097.72478 4764890 253 76.9 17.7 271 655 926 161.3 3712 7.5 59 2.8 0 -4683.856
72 72 89 23 1 県立 新潟県  中央病院 新潟県中央病院 22933.63513 13652737 524 87.1 16 456 1175 1631 171.6 18633 17.2 84 3.7 1 1567.937
73 73 90 23 1 県立 新潟県  吉田病院 新潟県吉田病院 17268.79987 4166357 302 51.1 16.7 154 507 661 219.2 5973 9.2 56 3.6 0 204.277
74 74 91 23 1 県立 新潟県  がんセンター 新潟県がんセンター 24683.35504 12604185 500 83.3 14 416 983 1399 157.4 9914 17.4 72 4.5 0 3747.743
75 75 92 23 1 県立 新潟県  新発田病院 新潟県新発田病院 27158.84943 13907911 429 96.3 15 444 959 1403 144 32466 18.2 87.9 3.7 0 4714.428
76 76 95 23 1 県立 富山県  中央病院 富山県中央病院 25451.91067 19248771 665 88.1 13.3 628 1444 2072 153.4 23695 22.7 83 3 1 669.8803
77 77 96 23 1 県立 石川県  中央病院 石川県中央病院 26620.50803 14671893 662 78.3 14.5 517 993 1510 128.1 15008 21.8 92 3 1 3564.592
78 78 98 23 1 県立 福井県  県立病院 福井県県立病院 23895.73435 17914871 668 81.3 14.2 773 1281 2054 110.5 25239 15 63.2 2 1 -3379.614
82 82 104 23 1 県立 静岡県  静岡がんセンター 静岡県静岡がんセンター 41696.13965 22250311 569 89 13.7 507 955 1462 125.7 54046 34.7 110 7 1 15270.23
83 83 106 23 1 県立 愛知県  愛知病院 愛知県愛知病院 31919.56542 5068029 220 76.8 16.2 187 248 435 88.3 12866 10.5 79 3.3 0 12330.72
84 84 107 23 1 県立 愛知県  がんセンター中央病院 愛知県がんセンター中央病院 41456.84798 15525175 500 82 14.7 410 616 1026 100.2 31783 21.6 84 4.2 1 17258.64
85 85 108 23 1 県立 愛知県  あいち小児保健医療総合センター 愛知県あいち小児保健医療総合センター 30136.12112 5851832 200 68 7.9 136 396 532 195 48819 25 105 3.5 0 8341.743
86 86 109 23 1 県立 三重県  総合医療センター 三重県総合医療センター 31925.40564 9601885 442 66.3 12.6 294 530 824 120.1 17610 19.2 96 3.6 1 10335.06
87 87 111 23 1 県立 三重県  一志病院 三重県一志病院 17936.96438 818374 46 71.5 22.4 33 92 125 185.6 6851 5.6 44 3.3 0 2301.329
88 88 112 23 1 県立 滋賀県  成人病センター 滋賀県成人病センター 29549.07806 13589621 541 83.4 16.7 412 848 1260 137.3 29305 16.5 78 3.1 1 9867.612
89 89 113 23 1 県立 滋賀県  小児保健医療センター 滋賀県小児保健医療センター 27087.50281 2412413 100 68.8 13.2 69 175 244 170 11702 16 95 2 0 8217.281
90 90 116 23 1 県立 京都府  与謝の海病院 京都府与謝の海病院 21153.21532 5759809 276 85.2 14 238 508 746 142.5 16896 16.6 71 1.7 1 2923.987
91 91 118 23 1 県立 兵庫県  尼崎病院 兵庫県尼崎病院 23905.97561 14310117 492 96.1 13.8 473 1167 1640 164.6 12651 26.8 91 3.8 1 1078.881
92 92 119 23 1 県立 兵庫県  西宮病院 兵庫県西宮病院 25022.54717 9343294 400 87.5 12 350 673 1023 128.2 15339 35.5 107 3.8 1 2246.807
93 93 120 23 1 県立 兵庫県  加古川医療センター 兵庫県加古川医療センター 28956.15203 9374699 345 87.7 14.8 302 585 887 129 29735 23.8 93 3.4 0 7385.632
94 94 121 23 1 県立 兵庫県  淡路病院 兵庫県淡路病院 23936.02939 10230618 377 93.4 11.7 395 776 1171 131.1 5971 15.7 87 2.9 1 2546.284
95 95 122 23 1 県立 兵庫県  柏原病院 兵庫県柏原病院 29856.7379 4086641 303 32.6 11.7 99 276 375 186 7082 8.3 56 3 1 11718.73
96 96 123 23 1 県立 兵庫県  こども病院 兵庫県こども病院 46801.36298 10198251 290 83.7 15.4 243 354 597 97.3 16140 40 155 3.8 1 22352.1
97 97 124 23 1 県立 兵庫県  がんセンター 兵庫県がんセンター 33963.63014 11900856 400 84.8 15.1 339 621 960 122.1 9166 26.3 91 4.1 1 12253.93
98 98 125 23 1 県立 兵庫県  姫路循環器病センター 兵庫県姫路循環器病センター 48770.92792 10075586 350 67.1 15.1 235 331 566 93.9 17320 18 88 3.1 1 27786.74
99 99 126 23 1 県立 兵庫県  粒子線医療センター 兵庫県粒子線医療センター 74021.65995 2296522 50 78.7 31.5 39 46 85 78.2 421178 14 32 2 0 43156.86
100 100 129 23 1 県立 奈良県  奈良病院 奈良県奈良病院 21243.06396 9552581 430 71.3 11.7 307 925 1232 201.1 6262 21.2 86 4.2 1 1329.394
101 101 130 23 1 県立 奈良県  三室病院 奈良県三室病院 20001.43495 6760285 300 79.4 13.7 238 688 926 192.5 11001 16.3 85 4 1 571.242
102 102 131 23 1 県立 奈良県  五條病院 奈良県五條病院 19319.36736 3011020 199 61.1 17.8 121 306 427 168.1 12378 10.1 59 4 1 1135.106
103 103 133 23 1 県立 鳥取県  中央病院 鳥取県中央病院 25851.47652 10058551 417 87.8 14.2 368 698 1066 126.5 10376 17.6 97 3.9 1 4957
104 104 134 23 1 県立 鳥取県  厚生病院 鳥取県厚生病院 21097.91959 6383914 300 89.1 14.4 267 562 829 140.2 21071 15.3 92 4 1 1819.269
105 105 135 23 1 県立 島根県  中央病院 島根県中央病院 26887.96357 17567251 633 87.5 13.9 580 1210 1790 139.2 24285 21.6 90.2 5.4 1 2125.134
106 106 138 23 1 県立 広島県  県立広島病院 広島県県立広島病院 25639.51625 18211492 650 89 13.3 614 1332 1946 144.5 18996 25.3 97.8 4 1 1277.392
107 107 139 23 1 県立 広島県  県立安芸津病院 広島県県立安芸津病院 12752.36628 1903737 125 74.8 19.3 75 334 409 297.4 9553 9.6 65 2.4 0 -3889.659
109 109 142 23 1 県立 徳島県  中央病院 徳島県中央病院 29676.56483 10864442 430 74.8 11.8 371 632 1003 113.5 1310 20.9 84 4 1 6695.093
110 110 143 23 1 県立 徳島県  三好病院 徳島県三好病院 20921.14018 4062467 206 84.9 18.5 178 354 532 132 4834 9.4 83 3.7 0 4150.086
111 111 144 23 1 県立 徳島県  海部病院 徳島県海部病院 16324.08075 1584905 102 58.4 16.3 61 205 266 224.9 7740 3.2 69 3.5 1 491.9146
112 112 145 23 1 県立 香川県  中央病院 香川県中央病院 27269.09225 15885337 626 76.7 11 481 1115 1596 154.5 8188 23.6 87 3.7 1 5455.029
113 113 147 23 1 県立 香川県  白鳥病院 香川県白鳥病院 12838.57992 2582031 150 67.5 15.8 101 450 551 296 18647 12.3 59 2.7 0 -4542.029
114 114 148 23 1 県立 愛媛県  中央病院 愛媛県中央病院 24123.11113 21862655 825 92.9 14.8 768 1715 2483 148.8 5731 26.7 112 4.4 0 -1039.06
115 115 149 23 1 県立 愛媛県  今治病院 愛媛県今治病院 18245.30618 5707223 270 83.8 14.8 226 631 857 185.9 8892 12.4 82 4.3 0 -67.04458
116 116 150 23 1 県立 愛媛県  南宇和病院 愛媛県南宇和病院 13517.64583 2580451 199 53 16.8 106 417 523 263.6 8139 4.5 65.8 3.5 0 -3031.105
117 117 151 23 1 県立 愛媛県  新居浜病院 愛媛県新居浜病院 22552.80434 5235408 300 57 12.8 175 461 636 175.6 6159 11.7 73.2 3.2 0 4667.616
118 118 152 23 1 県立 高知県  安芸病院 高知県安芸病院 16400.25549 3016991 230 42.4 20 98 406 504 276.1 8668 7 53.1 3.9 0 -762.1737
119 119 154 23 1 県立 高知県  幡多けんみん病院 高知県幡多けんみん病院 24717.30639 7289628 324 73.3 14 240 568 808 157.6 26912 13 89.3 4.5 1 6311.294
121 121 158 23 1 県立 大分県  県立病院 大分県県立病院 27071.54833 12529254 509 84.8 14 432 836 1268 129.2 18814 28 94.5 3.6 1 3310.917
122 122 159 23 1 県立 宮崎県  宮崎病院 宮崎県宮崎病院 28305.85663 11519776 605 64.5 15 417 698 1115 111.7 13796 18 81.5 2.9 1 8528.094
123 123 160 23 1 県立 宮崎県  延岡病院 宮崎県延岡病院 34814.55807 8628266 456 67.5 15 308 371 679 80.3 20656 13 95 2.6 1 17479.34
124 124 161 23 1 県立 宮崎県  日南病院 宮崎県日南病院 25161.38004 5436871 336 82.3 19 228 364 592 106.5 18630 12 77.5 2.1 0 7478.342
125 125 162 23 1 県立 鹿児島県  鹿屋医療センター 鹿児島県鹿屋医療センター 30962.34633 3525992 182 90.4 12 132 180 312 91.5 22317 12 81.3 3.4 0 15550.76
126 126 163 23 1 県立 鹿児島県  大島病院 鹿児島県大島病院 20208.01072 6107265 381 102.9 17 306 522 828 114 15112 10 72.4 2.7 0 2979.93
127 127 165 23 1 県立 鹿児島県  薩南病院 鹿児島県薩南病院 26356.71627 2674416 151 93.6 20 111 167 278 100.9 8504 8 68.5 3.7 0 8366.27
128 128 166 23 1 県立 鹿児島県  北薩病院 鹿児島県北薩病院 19448.69909 2115435 182 93.7 22 104 194 298 124.5 8300 4 55.9 3.3 0 2618.99
129 129 167 23 1 県立 沖縄県  北部病院 沖縄県北部病院 19644.35609 5435004 325 81 16 263 495 758 124.8 12475 15 70.5 3.1 1 509.551
130 130 168 23 1 県立 沖縄県  中部病院 沖縄県中部病院 27618.15827 13649170 546 93.3 12 509 845 1354 110.1 15291 33 102.8 2.9 1 2557.41
131 131 169 23 1 県立 沖縄県  南部医療センター・こども医療センター 沖縄県南部医療センター・こども医療センター 33192.09854 13581045 423 93.2 14 399 722 1121 120.2 29470 36 128.4 3.9 1 9144.935
132 132 170 23 1 県立 沖縄県  宮古病院 沖縄県宮古病院 17348.28992 4831412 283 77.9 14 256 507 763 131.4 7747 9 52.1 2 1 -491.9838
133 133 171 23 1 県立 沖縄県  八重山病院 沖縄県八重山病院 17695.88288 4702150 291 71.1 12 231 497 728 142.8 9478 9 58.3 2.6 1 -1606.403
134 134 173 23 1 市立 札幌市 札幌市 札幌病院 札幌市札幌市札幌病院 22508.09454 19593859 764 80.2 14 613 1772 2385 192.8 16320 23 91.4 4.3 1 -822.0886
135 135 175 23 1 市立 仙台市 仙台市 市立病院 仙台市仙台市市立病院 23168.81426 11796981 501 76.9 12 391 1004 1395 171.3 11755 23 103.9 3.8 1 1078.481
136 136 176 23 1 市立 さいたま市 さいたま市 市立病院 さいたま市さいたま市市立病院 23566.81174 12481337 537 81.5 13 444 1007 1451 151.3 16988 23 91 3.2 1 1485.2
137 137 177 23 1 市立 千葉市 千葉市 青葉病院 千葉市千葉市青葉病院 21004.09036 8739802 314 76.1 10 278 862 1140 206.5 32594 15 71.3 2.4 1 1045.246
138 138 178 23 1 市立 千葉市 千葉市 海浜病院 千葉市千葉市海浜病院 33325.25916 7200922 301 68.9 12 207 385 592 185.4 13002 17 89.7 3 0 7151.324
139 139 179 23 1 市立 横浜市 横浜市 市民病院 横浜市横浜市市民病院 27253.54292 17398253 624 87.3 12 540 1209 1749 149.4 13856 16 89.7 3.8 1 4443.76
140 140 181 23 1 市立 横浜市 横浜市 脳血管医療センター 横浜市横浜市脳血管医療センター 50613.02185 6207181 300 65.3 39 196 140 336 47.8 43273 6 77.3 4.7 0 31614.05
141 141 182 23 1 市立 川崎市 川崎市 川崎病院 川崎市川崎市川崎病院 20262.06777 17564680 683 79.8 15 575 1800 2375 208.7 25357 17 79.3 3.4 1 -3170.423
142 142 183 23 1 市立 川崎市 川崎市 井田病院 川崎市川崎市井田病院 23878.88251 7295118 385 75.8 16 315 522 837 110.5 31943 11 71.3 3.8 0 5284.417
143 143 185 23 1 市立 新潟市 新潟市 新潟市民病院 新潟市新潟市新潟市民病院 31923.89435 19785472 652 93.5 13 610 1088 1698 119 29447 27 119.2 5 1 6654.062
144 144 186 23 1 市立 静岡市 静岡市 静岡市立静岡病院 静岡市静岡市静岡市立静岡病院 29047.42726 17525620 500 97 14 485 1168 1653 160.5 27274 25 82.2 4.3 1 5368.024
145 145 187 23 1 市立 静岡市 静岡市 静岡市立清水病院 静岡市静岡市静岡市立清水病院 21619.83359 10653173 500 80.3 14 402 948 1350 157.3 10690 15 81.9 4.2 1 1600.109
146 146 189 23 1 市立 浜松市 浜松市 浜松市国民健康保険佐久間病院 浜松市浜松市浜松市国民健康保険佐久間病院 17898.0441 1221631 36 95.2 15 52 135 187 172 28655 11 65 5 0 -69.51599
147 147 190 23 1 市立 名古屋市 名古屋市 守山市民病院 名古屋市名古屋市守山市民病院 22176.55061 2331199 101 54.7 20 58 230 288 263.7 36978 15 94.2 5.1 0 2581.058
148 148 191 23 1 市立 名古屋市 名古屋市 緑市民病院 名古屋市名古屋市緑市民病院 22810.52243 3396943 300 22.5 13 68 340 408 334.8 10931 8 35.9 2.3 0 1510.916
149 149 192 23 1 市立 大阪市 大阪市 総合医療センター 大阪市大阪市総合医療センター 27995.76274 29163466 975 79.9 14 834 2020 2854 161.4 48289 17 96.7 3.4 1 2086.123
150 150 193 23 1 市立 大阪市 大阪市 十三市民病院 大阪市大阪市十三市民病院 17770.13022 4987809 262 78.4 14 190 579 769 203 35075 13 60.6 2.2 0 -544.1295
151 151 194 23 1 市立 大阪市 大阪市 住吉市民病院 大阪市大阪市住吉市民病院 20340.25648 3489371 198 54.2 8 107 363 470 225.7 6242 14 71.2 3 0 1683.968
152 152 195 23 1 市立 堺市 堺市 堺病院 堺市堺市堺病院 29610.29584 12861232 480 87.4 13 419 771 1190 122.6 21606 18 87.8 2.6 1 7036.408
153 153 198 23 1 市立 岡山市 岡山市 総合病院岡山市立市民病院 岡山市岡山市総合病院岡山市立市民病院 21855.48473 7251322 387 79 19 307 602 909 130.6 5633 18 75.7 3 0 1924.019
154 154 199 23 1 市立 岡山市 岡山市 岡山市立せのお病院 岡山市岡山市岡山市立せのお病院 11460.39544 849158 60 81 24 49 154 203 210.6 15027 12 65.2 2.3 0 -4760.468
155 155 200 23 1 市立 岡山市 岡山市 岡山市立金川病院 岡山市岡山市岡山市立金川病院 13871.15677 546801 30 42.8 56 20 88 108 281.1 26356 12 70.3 3.3 0 -4200.469
156 156 201 23 1 市立 広島市 広島市 広島市民病院 広島市広島市広島市民病院 29502.17513 26048503 715 97.8 12 724 1695 2419 156 18032 17 91.8 3.4 1 5626.396
157 157 202 23 1 市立 広島市 広島市 安佐市民病院 広島市広島市安佐市民病院 29192.84334 13820038 527 89.2 13 470 827 1297 117.3 6102 13 82.9 3.4 1 7948.523
158 158 203 23 1 市立 広島市 広島市 舟入病院 広島市広島市舟入病院 19553.80694 3682764 140 74.1 10 104 412 516 264.4 14929 15 55.3 4.7 0 931.205
159 159 205 23 1 市立 広島市 広島市 リハビリテーション病院 広島市広島市リハビリテーション病院 49664.60772 1994034 100 95.6 78 96 14 110 9.8 17778 9 51 2 0 33178.8
160 160 207 23 1 市立 北九州市 北九州市 医療センター 北九州市北九州市医療センター 24289.16259 13794787 620 78.5 17 487 1069 1556 146.4 9224 20.9 73.6 3 1 2660.085
161 161 208 23 1 市立 北九州市 北九州市 八幡病院 北九州市北九州市八幡病院 21318.69152 7119910 439 61.3 13 269 646 915 160 5629 16.2 64.6 4.1 0 2323.497
164 164 211 23 1 市立 北海道 函館市 市立函館病院 北海道函館市市立函館病院 25185.0673 15857148 598 78.2 14.4 533 1192 1725 149.8 20137 14.6 90.3 3.5 1 2841.368
165 165 213 23 1 市立 北海道 函館市 市立函館南茅部病院 北海道函館市市立函館南茅部病院 12518.49315 657972 37 78.6 18.4 31 113 144 246.5 5329 5.1 59.3 3.4 0 -3503.861
166 166 214 23 1 市立 北海道 小樽市 小樽病院 北海道小樽市小樽病院 21002.89419 5166922 208 78.4 15.2 163 511 674 209.1 1811 14.1 107.4 8.8 0 2947.775
167 167 215 23 1 市立 北海道 小樽市 脳・循環器・こころの医療センター 北海道小樽市脳・循環器・こころの医療センター 24622.02144 3801517 120 75.3 16.2 170 253 423 99.4 1725 6.9 87.8 5.3 0 5508.757
168 168 216 23 1 市立 北海道 旭川市 旭川病院 北海道旭川市旭川病院 22300.71257 11297987 457 68.6 14.5 396 992 1388 167 16716 13.9 77.8 3.9 1 375.73
169 169 217 23 1 市立 北海道 室蘭市 総合病院 北海道室蘭市総合病院 17790.11655 9577754 401 87.2 16.6 447 1028 1475 153.1 13590 10.9 78.1 4.6 0 -3923.329
170 170 218 23 1 市立 北海道 釧路市 市立釧路総合病院 北海道釧路市市立釧路総合病院 18642.93744 13201064 535 86.1 15 541 1399 1940 172.5 16598 13.2 94.8 4.1 1 -2510.365
171 171 219 23 1 市立 北海道 釧路市 市立釧路国民健康保険阿寒病院 北海道釧路市市立釧路国民健康保険阿寒病院 14745.72298 484397 6 70.4 70.5 20 70 90 234 31015 5.7 76.6 2.9 0 -1583.221
172 172 222 23 1 市立 北海道 岩見沢市 総合病院 北海道岩見沢市総合病院 17606.65652 9543248 365 87.4 19 433 1052 1485 161.9 9590 10.3 81.1 3.8 1 -3285.316
173 173 224 23 1 市立 北海道 留萌市 市立病院 北海道留萌市市立病院 17806.05568 5036888 300 73.8 16.7 245 530 775 144.1 14875 9.9 70.6 3.3 1 -727.5202
174 174 225 23 1 市立 北海道 苫小牧市 苫小牧市立病院 北海道苫小牧市苫小牧市立病院 19505.28877 8899288 378 87.4 12.6 330 920 1250 185.7 28791 18.3 101.8 4.5 1 -961.9702
175 175 226 23 1 市立 北海道 稚内市 稚内病院 北海道稚内市稚内病院 13666.89195 5641898 258 70.1 13.9 239 892 1131 249.8 9229 8.6 82.2 2.9 0 -5318.187
176 176 228 23 1 市立 北海道 美唄市 市立美唄病院 北海道美唄市市立美唄病院 11749.16385 1320841 53 56.3 20.3 67 241 308 240 4206 12.1 75.4 3.9 0 -5699.61
177 177 229 23 1 市立 北海道 芦別市 芦別病院 北海道芦別市芦別病院 12727.99184 2183487 160 54.7 24 108 362 470 222.6 6482 5.4 61.8 3.6 0 -4115.869
178 178 230 23 1 市立 北海道 江別市 市立病院 北海道江別市市立病院 16845.20548 6455925 278 76.3 12.4 257 793 1050 205.7 13625 15.6 95.8 3 0 -2774.52
179 179 231 23 1 市立 北海道 赤平市 赤平総合病院 北海道赤平市赤平総合病院 10095.57908 1783485 60 100.1 16.3 114 370 484 215.6 14959 10.7 85.9 4.8 0 -6293.386
180 180 232 23 1 市立 北海道 士別市 士別市立病院 北海道士別市士別市立病院 13000.70627 3350152 179 61.2 19.6 124 582 706 313.2 7412 6.5 76.9 3 0 -3693.378
181 181 233 23 1 市立 北海道 名寄市 総合病院 北海道名寄市総合病院 16757.64035 7107418 300 76.9 14.9 275 887 1162 215 11737 12.2 73.3 3 1 -3409.933
182 182 235 23 1 市立 北海道 三笠市 三笠総合病院 北海道三笠市三笠総合病院 11104.86378 2164449 91 81.8 24.2 162 372 534 153.2 4167 6.5 64.3 1.5 0 -6177.184
183 183 236 23 1 市立 北海道 根室市 根室病院 北海道根室市根室病院 15694.68307 3379850 131 70.1 16.2 92 498 590 361.6 2735 12.5 86.8 2.3 0 -988.0326
184 184 237 23 1 市立 北海道 千歳市 千歳市民病院 北海道千歳市千歳市民病院 16135.4485 4900013 190 79.5 10.2 151 681 832 300.7 26447 15.8 120.9 3.6 1 -2556.182
185 185 238 23 1 市立 北海道 滝川市 市立病院 北海道滝川市市立病院 14518.91537 6189704 270 82.3 17 255 913 1168 238.8 30016 14 75.2 3.2 1 -4932.467
186 186 239 23 1 市立 北海道 砂川市 市立病院 北海道砂川市市立病院 21671.26878 11469519 408 78.2 13.5 393 1057 1450 180.1 27004 16.8 89.9 3.4 1 -823.3356
187 187 241 23 1 市立 北海道 深川市 市立病院 北海道深川市市立病院 15580.82192 4424486 266 68.2 16.5 181 597 778 219.3 23949 10.3 77.5 2.5 1 -1939.383
188 188 242 23 1 市立 北海道 松前町 松前病院 北海道松前町松前病院 9693.662859 1192369 100 84 28.8 84 253 337 210.3 6003 10.7 54.8 3 0 -6102.616
189 189 243 23 1 市立 北海道 木古内町 国保病院 北海道木古内町国保病院 15882.72972 1269586 99 62.6 19.9 62 157 219 185.5 10968 7.1 64.4 2 0 712.0431
190 190 244 23 1 市立 北海道 森町 国保病院 北海道森町国保病院 13454.91429 898721 60 74.9 23.3 45 138 183 204.6 11876 6.7 78.3 5 0 -3523.941
191 191 245 23 1 市立 北海道 八雲町 八雲総合病院 北海道八雲町八雲総合病院 14166.85132 4948552 214 85.6 17.1 300 657 957 145.9 5897 6.4 70.6 2.5 0 -4540.432
192 192 246 23 1 市立 北海道 八雲町 八雲町熊石国民健康保険病院 北海道八雲町八雲町熊石国民健康保険病院 17425.08074 782299 99 54.4 63.8 54 69 123 85.3 4664 1 35.2 2 0 1986.298
193 193 247 23 1 市立 北海道 長万部町 町立病院 北海道長万部町町立病院 11529.13487 627012 30 58.3 13.3 17 132 149 503.9 8964 3.7 48.1 1.9 0 -3343.313
194 194 248 23 1 市立 北海道 厚沢部町 国保病院 北海道厚沢部町国保病院 18110.48865 442892 45 41.6 22.4 20 47 67 155.6 10218 4.3 42 1.4 0 -789.6088
195 195 249 23 1 市立 北海道 乙部町 国保病院 北海道乙部町国保病院 16283.67186 517088 52 28.8 19.3 15 72 87 319 1908 3.2 32.3 3.2 0 -1577.156
196 196 250 23 1 市立 北海道 奥尻町 国保病院 北海道奥尻町国保病院 15323.72444 771856 22 74.3 26 37 101 138 180.7 5726 5.6 53.7 5.6 0 -1879.428
197 197 251 23 1 市立 北海道 今金町 国保病院 北海道今金町国保病院 13617.56088 715739 33 67.1 23.2 22 122 144 365.3 10803 7.7 61.5 3.8 0 -3683.246
198 198 252 23 1 市立 北海道 せたな町 せたな町立国保病院 北海道せたな町せたな町立国保病院 11038.37419 1224818 58 42.2 25.8 44 260 304 390.1 5956 9 55.2 3.1 0 -5320.336
199 199 253 23 1 市立 北海道 黒松内町 黒松内町国民健康保険病院 北海道黒松内町黒松内町国民健康保険病院 18680.40183 511376 40 30.3 25.9 12 63 75 346.9 5335 5 52.5 5 0 434.2687
200 200 255 23 1 市立 北海道 南幌町 国保町立病院 北海道南幌町国保町立病院 13034.98606 537628 26 43.4 29.1 44 69 113 126.7 11190 4.6 47.4 1.3 0 -4099.74
201 201 256 23 1 市立 北海道 奈井江町 奈井江町立国民健康保険病院 北海道奈井江町奈井江町立国民健康保険病院 14838.41151 1072372 46 68.1 30.2 73 125 198 114.6 15479 6 44.5 2.1 0 -2187.187
202 202 257 23 1 市立 北海道 由仁町 町立病院 北海道由仁町町立病院 11556.16438 476634 12 96.7 20.5 39 74 113 126.8 4465 3.5 35.1 5.3 0 -4473.705
203 203 258 23 1 市立 北海道 長沼町 長沼病院 北海道長沼町長沼病院 14251.24054 1487687 110 54.1 21 89 197 286 178.9 4093 2 32.7 1 0 -2987.722
204 204 259 23 1 市立 北海道 月形町 国保月形町立病院 北海道月形町国保月形町立病院 21182.16263 726760 40 79.5 39.7 32 62 94 156.3 10585 10 72.5 5 0 4631.745
205 205 261 23 1 市立 北海道 美瑛町 町立病院 北海道美瑛町町立病院 11517.8584 1147697 98 57.3 17.1 56 217 273 257.4 15907 4.7 48.2 2 0 -6245.459
206 206 262 23 1 市立 北海道 上富良野町 上富良野町立病院 北海道上富良野町上富良野町立病院 11630.29014 683454 44 61 18.4 27 134 161 331.9 14013 11.8 66.1 2.3 0 -5218.523
207 207 263 23 1 市立 北海道 中富良野町 町立病院 北海道中富良野町町立病院 16710.86508 445261 35 42.1 40 15 58 73 262.8 10328 5.7 51.4 2.9 0 -1499.894
208 208 264 23 1 市立 北海道 和寒町 国保町立和寒病院 北海道和寒町国保町立和寒病院 12967.32731 444909 30 69 41.4 21 73 94 233.8 19512 6.7 75 3.3 0 -2135.157
209 209 265 23 1 市立 北海道 下川町 下川病院 北海道下川町下川病院 13513.32936 567222 12 85 44.2 29 86 115 199.5 9749 4.8 69 4.8 0 -1888.725
211 211 267 23 1 市立 北海道 遠別町 遠別町立国保病院 北海道遠別町遠別町立国保病院 10142.27006 362789 16 59 24.6 24 74 98 202.7 5840 2.8 63.9 4.2 0 -5823.282
212 212 268 23 1 市立 北海道 天塩町 国保病院 北海道天塩町国保病院 12521.39892 603281 30 56.8 27.5 34 98 132 195.1 31899 6.3 63.5 4.2 0 -5401.053
214 214 270 23 1 市立 北海道 浜頓別町 国保病院 北海道浜頓別町国保病院 11215.86973 650913 36 87.5 29 31 128 159 271.5 6879 1.6 46.9 3.1 0 -2787.513
215 215 271 23 1 市立 北海道 中頓別町 国保病院 北海道中頓別町国保病院 15882.44412 440579 50 24.9 28.3 12 64 76 341.2 6617 2 48 4 0 -2015.675
216 216 272 23 1 市立 北海道 枝幸町 枝幸町国民健康保険病院 北海道枝幸町枝幸町国民健康保険病院 14239.11356 1522802 46 71 21.6 67 226 293 223.7 41733 5.5 72.5 4.1 0 -3682.651
217 217 273 23 1 市立 北海道 豊富町 豊富町国民健康保険病院 北海道豊富町豊富町国民健康保険病院 13784.24005 528281 42 49 34 21 84 105 272.6 20251 4.8 47.6 2.4 0 -3043.385
218 218 274 23 1 市立 北海道 幌延町 町立病院 北海道幌延町町立病院 7380.237443 202034 8 37.6 20.4 13 62 75 308.2 4508 2.8 53.9 5.6 0 -4595.808
219 219 275 23 1 市立 北海道 美幌町 国保病院 北海道美幌町国保病院 17208.91956 1670814 99 69.7 15.2 69 197 266 190.1 19169 8.1 75.8 2 0 380.6838
220 220 276 23 1 市立 北海道 斜里町 斜里町国民健康保険病院 北海道斜里町斜里町国民健康保険病院 16675.85423 1612972 60 92.2 31.4 85 180 265 141.9 5966 9.3 78.5 5.4 0 -36.89517
221 221 277 23 1 市立 北海道 滝上町 国保病院 北海道滝上町国保病院 13865.14664 754056 26 101.5 33.4 52 97 149 125.4 3169 3.7 70.4 3.7 0 -2955.464
222 222 278 23 1 市立 北海道 興部町 国保病院 北海道興部町国保病院 12691.91417 523478 32 70.3 27.1 36 77 113 141.7 3814 1.5 43.9 1.5 0 -2897.102
223 223 279 23 1 市立 北海道 雄武町 国保病院 北海道雄武町国保病院 14915.70519 773081 25 60.1 14.3 30 112 142 248.7 48015 12 84 8 0 -3501.507
224 224 280 23 1 市立 北海道 豊浦町 国保病院 北海道豊浦町国保病院 15085.25766 693771 60 72 53.6 43 83 126 128.4 19585 2.5 51.2 4.5 0 -510.8246
225 225 281 23 1 市立 北海道 白老町 国保病院 北海道白老町国保病院 12759.40965 782407 58 49.2 22.1 25 143 168 386.4 4813 5.2 66.6 5.2 0 -2981.58
226 226 282 23 1 市立 北海道 むかわ町 むかわ町鵡川厚生病院 北海道むかわ町むかわ町鵡川厚生病院 3366.004566 147431 40 55.2 16.2 22 98 120 294.7 8823 7 56.5 5 0 -13027.3
227 227 283 23 1 市立 北海道 日高町 門別国保病院 北海道日高町門別国保病院 13753.35411 1169654 34 76 11.5 66 167 233 168.3 21277 7.8 73.4 4.7 0 -2334.796
228 228 284 23 1 市立 北海道 平取町 国保病院 北海道平取町国保病院 15479.68689 791012 31 93.9 29.2 47 93 140 132.4 4341 5.6 39.4 4.2 0 214.3304
229 229 285 23 1 市立 北海道 新ひだか町 新ひだか町立静内病院 北海道新ひだか町新ひだか町立静内病院 17557.9294 1332998 80 48 17.9 38 170 208 295.1 9401 6.1 55.1 6.3 0 261.175
230 230 286 23 1 市立 北海道 新ひだか町 新ひだか町立三石国民健康保険病院 北海道新ひだか町新ひだか町立三石国民健康保険病院 10737.55164 493820 20 62.7 18.6 33 93 126 190.5 4891 4.8 69 2.4 0 -5550.928
231 231 287 23 1 市立 北海道 士幌町 国保病院 北海道士幌町国保病院 14431.12456 905986 40 76.6 2.6 47 125 172 175.9 28069 5 45 1.7 0 -2056.893
232 232 288 23 1 市立 北海道 鹿追町 国保病院 北海道鹿追町国保病院 13280.9719 664115 23 87.4 31.7 44 93 137 142 3323 4 52 2 0 -2529.474
233 233 289 23 1 市立 北海道 芽室町 国保芽室病院 北海道芽室町国保芽室病院 12578.53184 2405770 150 74.4 12.8 112 412 524 244.9 13120 8.7 55.3 2.7 0 -3966.725
234 234 290 23 1 市立 北海道 大樹町 国保病院 北海道大樹町国保病院 13402.02435 880513 52 85.1 48.1 44 136 180 204.7 4398 9 75 3.8 0 -2382.237
235 235 291 23 1 市立 北海道 広尾町 広尾町国民健康保険病院 北海道広尾町広尾町国民健康保険病院 11223.67404 798845 40 71.5 23.9 46 149 195 214.3 11311 6.7 66.7 3.3 0 -5338.911
237 237 293 23 1 市立 北海道 本別町 国保病院 北海道本別町国保病院 12107.06077 1316885 60 83.2 22.9 50 248 298 331.1 21115 8.3 89.2 3.3 0 -4030.632
238 238 294 23 1 市立 北海道 足寄町 国保病院 北海道足寄町国保病院 15318.32655 1034370 60 70 21 42 143 185 227.1 21086 12.3 80.5 3.3 0 -2585.767
239 239 295 23 1 市立 北海道 厚岸町 厚岸病院 北海道厚岸町厚岸病院 12677.83983 1203127 56 55.8 21 46 214 260 311.4 22909 5.7 65.9 2.3 0 -4373.462
240 240 296 23 1 市立 北海道 標茶町 町立病院 北海道標茶町町立病院 14903.15484 1077051 60 66.5 23.2 40 158 198 263.9 29473 6.7 95 3.3 0 -2294.788
241 241 297 23 1 市立 北海道 別海町 別海病院 北海道別海町別海病院 14793.04324 1652235 99 54.6 15.8 54 252 306 313 34245 12.3 79.8 3 0 -2633.6
242 242 298 23 1 市立 北海道 中標津町 中標津病院 北海道中標津町中標津病院 13899.30559 4033231 180 49.7 8.4 98 697 795 475.7 16757 12.7 71.7 2.9 0 -3613.558
243 243 299 23 1 市立 北海道 標津町 国保標津病院 北海道標津町国保標津病院 12873.07879 662513 35 79.9 39.1 28 113 141 270.3 12817 11.4 54.3 2.9 0 -4049.018
245 245 302 23 1 市立 青森県 青森市 青森市民病院 青森県青森市青森市民病院 22703.78306 10151429 538 73.5 14.7 395 830 1225 147.3 9208 13.4 90.9 3.9 0 3691.518
246 246 303 23 1 市立 青森県 青森市 浪岡病院 青森県青森市浪岡病院 13383.27178 1431274 92 52.8 15.6 97 196 293 147.6 4173 3 35.2 1.5 0 -3889.337
247 247 304 23 1 市立 青森県 弘前市 市立病院 青森県弘前市市立病院 18764.03363 4396976 250 81.7 17.6 204 438 642 142.8 7401 12 84.2 3.6 0 1568.196
248 248 305 23 1 市立 青森県 八戸市 八戸市民病院 青森県八戸市八戸市民病院 27300.51542 14857350 528 92 12.4 522 969 1491 123.7 21442 21.6 108.9 3.8 1 3416.35
249 249 306 23 1 市立 青森県 黒石市 国保黒石病院 青森県黒石市国保黒石病院 14529.3639 4285000 290 78.8 17.6 229 579 808 187.1 15541 9.8 72.2 3.3 1 -2399.653
250 250 307 23 1 市立 青森県 五所川原市 西北中央病院 青森県五所川原市西北中央病院 17938.20672 7202190 352 71 14.8 285 815 1100 190.7 3792 10.8 80.6 2.7 0 -415.9491
251 251 308 23 1 市立 青森県 十和田市 中央病院 青森県十和田市中央病院 23447.07018 7770828 325 77.3 14 280 628 908 149.1 32331 11.5 82.3 3.4 1 3966.641
252 252 309 23 1 市立 青森県 三沢市 市立病院 青森県三沢市市立病院 20486.66572 5032447 220 93.4 18.8 205 468 673 151.9 39436 9.5 69.5 3.6 0 1526.69
253 253 310 23 1 市立 青森県 つがる市 国保病院成人病センター 青森県つがる市国保病院成人病センター 17433.59382 1896252 92 64.7 17.7 60 238 298 265.9 5243 7.6 61.4 5.2 0 804.8988
254 254 311 23 1 市立 青森県 平内町 国保平内中央病院 青森県平内町国保平内中央病院 11279.8625 1099279 64 75.6 19.2 69 198 267 192.6 14332 5.2 62 3 0 -4710.761
255 255 312 23 1 市立 青森県 外ヶ浜町 外ケ浜中央病院 青森県外ヶ浜町外ケ浜中央病院 11026.59509 893485 50 91.9 26.3 46 176 222 255 16424 14 80 4 0 -4682.524
256 256 313 23 1 市立 青森県 鰺ケ沢町 中央病院 青森県鰺ケ沢町中央病院 13164.18288 1508747 100 38.6 18.8 39 275 314 475.2 6355 10.9 40.8 4.8 0 -3510.008
257 257 314 23 1 市立 青森県 大鰐町 大鰐病院 青森県大鰐町大鰐病院 15021.34395 811453 60 66.8 19.5 40 108 148 216.7 2180 9.5 74.5 3.3 0 -2177.493
258 258 315 23 1 市立 青森県 板柳町 国保板柳中央病院 青森県板柳町国保板柳中央病院 9722.533415 876535 55 69.9 23.6 67 180 247 179.9 13514 5.7 45.4 2.3 0 -6819.969
259 259 316 23 1 市立 青森県 鶴田町 国保中央病院 青森県鶴田町国保中央病院 12068.99006 898657 60 60.7 21.8 59 145 204 198.6 2153 6.1 32 1 0 -3334.574
260 260 317 23 1 市立 青森県 六戸町 国保病院 青森県六戸町国保病院 13067.58829 519894 30 67.5 13.3 20 89 109 292.8 11996 10 62.7 6.7 0 -3689.835
261 261 318 23 1 市立 青森県 おいらせ町 国民健康保険おいらせ病院 青森県おいらせ町国民健康保険おいらせ病院 10369.2776 885640 76 74.1 19.4 56 178 234 211.1 9037 8.8 54.5 5.3 0 -6190.916
262 262 319 23 1 市立 青森県 三戸町 国保三戸中央病院 青森県三戸町国保三戸中央病院 11071.13699 1616386 144 53.6 19.3 77 323 400 278.9 24831 6.9 52.1 2.1 0 -5960.542
263 263 320 23 1 市立 青森県 五戸町 国保五戸総合病院 青森県五戸町国保五戸総合病院 13088.8132 2613247 174 73.2 18.2 127 420 547 245 17669 8.2 60.7 2.9 0 -3644.303
264 264 321 23 1 市立 青森県 南部町 国保名川病院 青森県南部町国保名川病院 10880.63966 925344 26 100.3 17.1 64 169 233 211.5 5967 11.7 78 3 0 -5323.554
265 265 322 23 1 市立 青森県 中部上北広域事業組合 公立七戸病院 青森県中部上北広域事業組合公立七戸病院 12600.37916 2060414 120 67.9 17.6 81 367 448 315.2 7191 10.7 72.5 3.3 0 -4012.895
266 266 323 23 1 市立 青森県 公立金木病院組合 公立金木病院 青森県公立金木病院組合公立金木病院 14269.46312 1677090 100 59.7 19.1 78 244 322 209.4 8929 4.2 70.8 1.7 0 -2635.56
267 267 324 23 1 市立 青森県 一部事務組合下北医療センター むつ総合病院 青森県一部事務組合下北医療センターむつ総合病院 16354.27363 9670282 376 79.8 16.4 384 1236 1620 214.9 17033 15.4 82 3.5 0 -4200.522
268 268 325 23 1 市立 青森県 一部事務組合下北医療センター 国保大間病院 青森県一部事務組合下北医療センター国保大間病院 10152.9152 896807 48 77.8 18 37 205 242 366.9 18174 14.6 91.5 5.4 0 -7185.75
269 269 327 23 1 市立 青森県 北部上北広域事務組合 公立野辺地病院 青森県北部上北広域事務組合公立野辺地病院 13516.41413 2511147 151 59.3 19.4 130 379 509 194.2 11176 7 67.2 2.5 0 -3636.316
270 270 328 23 1 市立 岩手県 盛岡市 盛岡市立病院 岩手県盛岡市盛岡市立病院 17227.65867 3427012 180 85.1 22.1 180 365 545 135 30776 9.1 56.8 1.9 0 -1131.232
271 271 330 23 1 市立 岩手県 八幡平市 八幡平市国民健康保険西根病院 岩手県八幡平市八幡平市国民健康保険西根病院 9716.787811 695139 60 70.1 24.2 42 154 196 249.8 4876 10.3 53 1.7 0 -6281.139
272 272 331 23 1 市立 岩手県 奥州市 奥州市総合水沢病院 岩手県奥州市奥州市総合水沢病院 15526.2961 2946891 145 92.1 16.8 134 386 520 192.5 10901 11.3 81.1 3.4 0 -1230.263
273 273 332 23 1 市立 岩手県 奥州市 奥州市国民健康保険まごころ病院 岩手県奥州市奥州市国民健康保険まごころ病院 11470.26591 996422 48 91.5 25.4 44 194 238 294.4 23270 16.7 75 4.2 0 -6072.828
274 274 333 23 1 市立 岩手県 葛巻町 国保葛巻病院 岩手県葛巻町国保葛巻病院 11106.84932 754044 60 33 21.7 37 149 186 268.2 2441 9.4 45.9 2.6 0 -6914.834
275 275 334 23 1 市立 岩手県 西和賀町 国保沢内病院 岩手県西和賀町国保沢内病院 12041.47818 566973 40 46.1 19.7 18 111 129 440 4847 7.5 55 5 0 -4475.563
276 276 335 23 1 市立 岩手県 洋野町 国保種市病院 岩手県洋野町国保種市病院 15027.00135 948880 45 74 18.8 33 140 173 280.7 10746 5.5 58.7 2.4 0 -2568.728
278 278 338 23 1 市立 宮城県 石巻市 石巻市立牡鹿病院 宮城県石巻市石巻市立牡鹿病院 14898.58165 614492 25 52 12.1 13 100 113 511.1 55511 17.2 84 12 0 -5901.519
279 279 339 23 1 市立 宮城県 塩竈市 塩竈市立病院 宮城県塩竈市塩竈市立病院 15739.79658 2677182 123 99.5 15.6 159 307 466 128.4 6221 13.5 92.9 3.7 0 -1276.651
280 280 340 23 1 市立 宮城県 気仙沼市 気仙沼市立病院 宮城県気仙沼市気仙沼市立病院 14919.42835 7928781 447 76.3 15.6 341 1115 1456 218 3279 13.2 78.3 2.8 0 -3531.081
282 282 342 23 1 市立 宮城県 登米市 登米市立米谷病院 宮城県登米市登米市立米谷病院 11026.04202 1130886 49 79.7 21.8 39 242 281 412.4 9653 12.2 91.8 8 0 -5609.895
283 283 343 23 1 市立 宮城県 登米市 登米市立豊里病院 宮城県登米市登米市立豊里病院 7399.756829 1369362 69 81.6 18.4 86 421 507 326.7 9340 13.5 78.8 3 0 -9030.55
284 284 344 23 1 市立 宮城県 栗原市 栗原市立栗原中央病院 宮城県栗原市栗原市立栗原中央病院 18797.88435 4247100 260 66.7 15.5 200 419 619 139.4 23881 11.3 71.5 2 0 -309.224
285 285 345 23 1 市立 宮城県 栗原市 栗原市立若柳病院 宮城県栗原市栗原市立若柳病院 14511.732 1604925 90 79.9 20 99 204 303 137.1 22189 7.4 74.3 3.3 0 -2562.546
286 286 346 23 1 市立 宮城県 栗原市 栗原市立栗駒病院 宮城県栗原市栗原市立栗駒病院 12515.86301 913658 45 88.5 17 65 135 200 138.9 16798 9.6 68.5 2.7 0 -4063.816
287 287 347 23 1 市立 宮城県 大崎市 大崎市民病院 宮城県大崎市大崎市民病院 24061.93864 12936781 442 83.6 11.3 369 1104 1473 199.3 9303 29.6 98.1 5.2 1 1871.779
288 288 348 23 1 市立 宮城県 大崎市 大崎市民病院鳴子温泉分院 宮城県大崎市大崎市民病院鳴子温泉分院 17179.56685 1122427 50 80.6 22.5 109 70 179 43.2 4428 4.6 55.9 2.2 0 801.0185
289 289 349 23 1 市立 宮城県 大崎市 大崎市民病院岩出山分院 宮城県大崎市大崎市民病院岩出山分院 11134.47489 682766 40 81.2 22.3 32 136 168 278.5 24150 13 96.8 5 0 -6316.781
290 290 350 23 1 市立 宮城県 大崎市 大崎市民病院鹿島台分院 宮城県大崎市大崎市民病院鹿島台分院 10676.3894 1024880 40 96 24.3 66 197 263 198.5 17035 11.4 78.6 4.1 0 -5214.12
291 291 351 23 1 市立 宮城県 蔵王町 蔵王町国民健康保険蔵王病院 宮城県蔵王町蔵王町国民健康保険蔵王病院 10917.44104 386532 10 96.1 20 37 60 97 108.3 3059 9.2 48.7 2.6 0 -4976.853
292 292 352 23 1 市立 宮城県 川崎町 国民健康保険川崎病院 宮城県川崎町国民健康保険川崎病院 11619.53611 746439 40 84.5 28 51 125 176 161.5 8947 11.8 60 3.3 0 -4654.347
293 293 353 23 1 市立 宮城県 丸森町 丸森町国民健康保険丸森病院 宮城県丸森町丸森町国民健康保険丸森病院 12750.70855 1079730 55 70.5 20.8 61 171 232 187.1 13998 8.4 43.3 2.2 0 -4170.443
294 294 354 23 1 市立 宮城県 涌谷町 涌谷町国民健康保険病院 宮城県涌谷町涌谷町国民健康保険病院 14512.47796 2140010 80 98.7 20.6 118 286 404 161.4 12290 12.5 69.3 4.1 0 -2309.345
295 295 355 23 1 市立 宮城県 美里町 美里町立南郷病院 宮城県美里町美里町立南郷病院 11643.96015 654507 50 81.3 28 41 113 154 183.7 15780 10.2 66.6 4 0 -5088.741
296 296 356 23 1 市立 宮城県 女川町 女川町立病院 宮城県女川町女川町立病院 7252.714358 428853 50 28.6 13.6 14 148 162 701.9 23785 5.7 44.9 2 0 -3413.675
297 297 357 23 1 市立 宮城県 南三陸町 公立志津川病院 宮城県南三陸町公立志津川病院 12354.0569 1055160 26 76.2 23 31 203 234 500.1 7638 15.8 118.4 7.9 0 -4282.377
298 298 358 23 1 市立 宮城県 白石市外二町組合 公立刈田綜合病院 宮城県白石市外二町組合公立刈田綜合病院 20005.30798 5133262 300 64 16.4 192 511 703 177.6 20275 12.6 61.5 2.6 1 2837.633
299 299 359 23 1 市立 宮城県 黒川地域行政事務組合 公立黒川病院 宮城県黒川地域行政事務組合公立黒川病院 21240.81532 2573962 110 70.4 19 122 210 332 138.4 18918 9.9 64.1 2.9 0 3365.725
300 300 360 23 1 市立 宮城県 加美郡保健医療福祉行政事務組合 公立加美病院 宮城県加美郡保健医療福祉行政事務組合公立加美病院 19545.1245 1448196 40 81 15.6 73 130 203 118.5 25815 7.8 70 3.3 0 1653.128
301 301 361 23 1 市立 宮城県 大河原町外１市２町保健医療組合 みやぎ県南中核病院 宮城県大河原町外１市２町保健医療組合みやぎ県南中核病院 23422.87796 7489231 300 82 13 246 630 876 170.7 22949 23.4 96 5.9 1 3157.847
302 302 362 23 1 市立 秋田県 秋田市 秋田総合病院 秋田県秋田市秋田総合病院 15175.46739 8746153 376 82.7 15.3 360 1219 1579 225.6 8708 19 87.6 4.6 1 -5100.84
303 303 363 23 1 市立 秋田県 横手市 横手病院 秋田県横手市横手病院 15036.06893 4851538 225 84.1 12.4 189 695 884 245.9 16224 13 92.4 6.4 1 -3451.774
304 304 364 23 1 市立 秋田県 横手市 大森病院 秋田県横手市大森病院 13718.61146 2203209 100 101.5 36.5 153 287 440 125.8 12241 7.5 56.9 3.2 0 -3274.061
305 305 365 23 1 市立 秋田県 大館市 総合病院 秋田県大館市総合病院 16461.67822 9096888 375 85.1 16.8 384 1130 1514 196.4 18083 9.9 72.9 3.4 0 -4028.731
306 306 366 23 1 市立 秋田県 大館市 扇田病院 秋田県大館市扇田病院 14145.68595 1383731 62 90.9 16.9 94 174 268 123.9 8327 8.6 71.2 2.9 0 -2993.786
307 307 367 23 1 市立 秋田県 男鹿市 男鹿みなと市民病院 秋田県男鹿市男鹿みなと市民病院 16198.84535 2370944 177 71.8 19.2 127 274 401 185 9169 10.7 72.5 3.4 0 -1519.231
308 308 370 23 1 市立 秋田県 仙北市 市立田沢湖病院 秋田県仙北市市立田沢湖病院 16089.39292 1074691 60 79.6 84.6 48 135 183 188.1 34822 5 53.3 3.3 0 291.406
309 309 371 23 1 市立 秋田県 仙北市 市立角館総合病院 秋田県仙北市市立角館総合病院 13422.16806 4129934 230 77.4 18.6 237 606 843 170.4 3162 6.1 65.1 1.8 0 -4205.094
310 310 372 23 1 市立 秋田県 羽後町 羽後病院 秋田県羽後町羽後病院 12268.55607 2144973 114 64.8 17.4 110 369 479 223.4 14851 6.5 63.7 1.8 0 -4838.54
311 311 373 23 1 市立 山形県 山形市 市立病院済生館 山形県山形市市立病院済生館 21535.42249 10548696 585 82.6 13.2 483 859 1342 119 15393 16.1 76.6 4.6 1 368.6485
312 312 374 23 1 市立 山形県 米沢市 市立病院 山形県米沢市市立病院 18297.68369 6611868 349 77 13.5 326 664 990 135.9 5895 12.2 76.9 3.5 1 -1429.874
313 313 375 23 1 市立 山形県 鶴岡市 荘内病院 山形県鶴岡市荘内病院 23694.25495 10749965 520 88.3 15.6 459 784 1243 113.8 16707 12.9 80.4 3.6 1 2530.656
314 314 378 23 1 市立 山形県 酒田市 八幡病院 山形県酒田市八幡病院 13646.06519 722218 46 90 17.2 41 104 145 167.4 18784 6.5 52.2 2.2 0 -2226.475
315 315 379 23 1 市立 山形県 寒河江市 市立病院 山形県寒河江市市立病院 16588.98342 1725669 125 55 24.6 69 216 285 209.1 7305 8 61.8 4.8 0 -895.357
316 316 380 23 1 市立 山形県 天童市 天童市民病院 山形県天童市天童市民病院 13305.50206 1471522 54 69.8 16.2 61 242 303 264.1 24486 10.1 85.2 2.4 0 -3267.951
317 317 381 23 1 市立 山形県 西川町 町立病院 山形県西川町町立病院 12874.28311 704867 51 45.9 16.7 23 127 150 362 13632 7.8 59.6 3.3 0 -4617.431
318 318 382 23 1 市立 山形県 朝日町 町立病院 山形県朝日町町立病院 10868.49315 710093 60 52.6 19.1 32 147 179 327.9 10072 6.7 50 1.7 0 -5444.54
319 319 383 23 1 市立 山形県 最上町 町立最上病院 山形県最上町町立最上病院 12762.9001 954984 50 88.5 32.7 63 142 205 149.5 20892 5.7 75.6 2.9 0 -3039.922
320 320 384 23 1 市立 山形県 真室川町 町立真室川病院 山形県真室川町町立真室川病院 9586.864075 1039264 55 87.8 20.6 48 249 297 344.3 19145 9.1 69.3 1.8 0 -5824.898
321 321 385 23 1 市立 山形県 高畠町 公立高畠病院 山形県高畠町公立高畠病院 15389.87804 2151428 89 90.2 12.2 117 266 383 166.2 11990 11.8 76.2 3.1 0 -2705.11
322 322 386 23 1 市立 山形県 小国町 町立病院 山形県小国町町立病院 12745.11516 846658 55 83.6 21.9 46 136 182 197.5 16981 5.5 65.5 3.6 0 -2230.33
323 323 387 23 1 市立 山形県 白鷹町 白鷹町立病院 山形県白鷹町白鷹町立病院 11704.95172 1042443 70 77.8 15.1 54 190 244 233.9 27660 7.1 67.1 4.3 0 -4606.032
324 324 388 23 1 市立 山形県 北村山公立病院組合 北村山公立病院 山形県北村山公立病院組合北村山公立病院 18390.54168 5135099 360 78.4 23.8 282 483 765 114.6 4439 7.6 62.3 3.2 0 255.6742
325 325 389 23 1 市立 山形県 置賜広域病院組合 公立置賜総合病院 山形県置賜広域病院組合公立置賜総合病院 20018.89269 10872661 496 82.2 14.5 425 1063 1488 166.8 35336 18.3 72.5 2.5 1 -1642.524
326 326 390 23 1 市立 山形県 置賜広域病院組合 公立置賜長井病院 山形県置賜広域病院組合公立置賜長井病院 10143.25796 1229160 50 95.4 43.9 105 227 332 144 13377 6.2 60.3 1.8 0 -5530.215
327 327 391 23 1 市立 山形県 置賜広域病院組合 公立置賜南陽病院 山形県置賜広域病院組合公立置賜南陽病院 9709.75212 893103 50 92.8 41.8 46 206 252 296 7996 6 64 4 0 -5221.914
328 328 392 23 1 市立 福島県 いわき市 総合磐城共立病院 福島県いわき市総合磐城共立病院 32140.46259 17585172 755 76.7 16.2 587 912 1499 103.6 6078 15.3 86.9 2.8 0 10550.31
329 329 393 23 1 市立 福島県 南相馬市 南相馬市立総合病院 福島県南相馬市南相馬市立総合病院 26865.75342 2549560 230 37.6 21.5 87 173 260 151.3 7681 3.9 59.6 2.2 0 4597.587
331 331 396 23 1 市立 福島県 猪苗代町 猪苗代町立猪苗代病院 福島県猪苗代町猪苗代町立猪苗代病院 1370.719178 56035 65 66.8 53 43 69 112 119.6 18872 6.2 33.8 1.5 0 -14277.81
332 332 398 23 1 市立 福島県 三春町 三春病院 福島県三春町三春病院 915.8312008 91258 86 91.2 24.7 78 195 273 181 12301 11.4 80.2 2.3 0 -14902.34
333 333 399 23 1 市立 福島県 公立藤田病院組合 公立藤田総合病院 福島県公立藤田病院組合公立藤田総合病院 14578.4868 5512709 299 90.3 23.3 273 763 1036 187 21728 9.6 78.8 3.2 1 -3366.656
334 334 400 23 1 市立 福島県 公立岩瀬病院企業団 公立岩瀬病院 福島県公立岩瀬病院企業団公立岩瀬病院 22608.31086 4192033 329 59.9 12.4 197 311 508 105.1 12134 8.1 68.1 1.8 1 3891.851
335 335 401 23 1 市立 福島県 相馬方部衛生組合 公立相馬総合病院 福島県相馬方部衛生組合公立相馬総合病院 13848.36912 3528149 240 68.4 15.1 164 534 698 217.2 11234 8.3 54.6 2.5 0 -2305.928
336 336 402 23 1 市立 茨城県 北茨城市 総合病院 茨城県北茨城市総合病院 17885.22965 2219557 199 23 13.8 46 294 340 477.8 3761 5.5 46.2 3 1 920.7657
337 337 403 23 1 市立 茨城県 笠間市 笠間市立病院 茨城県笠間市笠間市立病院 13059.2528 524329 30 49.4 18 15 95 110 429.4 7767 16 73.3 10 0 -4962.822
339 339 405 23 1 市立 茨城県 筑西市 筑西市民病院 茨城県筑西市筑西市民病院 19440.23736 1539764 173 20.3 9.2 35 182 217 831 4166 3.9 32.4 2.3 0 1631.298
340 340 408 23 1 市立 茨城県 県西総合病院組合 県西総合病院 茨城県県西総合病院組合県西総合病院 16270.69425 3141627 253 38.5 14.6 129 400 529 249.2 8609 6.4 43.8 2 0 -752.1944
341 341 410 23 1 市立 栃木県 小山市 小山市民病院 栃木県小山市小山市民病院 17571.06688 5239780 342 65.5 17 224 593 817 176.5 5089 10.2 60.5 3.8 0 -1525.984
342 342 411 23 1 市立 栃木県 南那須地区広域行政事務組合（事業会計分） 那須南病院 栃木県南那須地区広域行政事務組合（事業会計分）那須南病院 15464.58922 2218318 100 84.2 17.7 91 302 393 220.9 9617 10.1 73.5 2.7 0 -1683.97
343 343 412 23 1 市立 群馬県 伊勢崎市 伊勢崎市民病院 群馬県伊勢崎市伊勢崎市民病院 23107.62864 12423701 520 89.3 11.6 464 1009 1473 144.9 19543 24 106.2 3.6 1 71.41192
344 344 413 23 1 市立 群馬県 渋川市 渋川総合病院 群馬県渋川市渋川総合病院 20275.3109 1605906 150 28.3 11.7 42 175 217 275.1 10008 8.2 42.5 1.9 0 2959.416
345 345 414 23 1 市立 群馬県 藤岡市 藤岡市国民健康保険鬼石病院 群馬県藤岡市藤岡市国民健康保険鬼石病院 13617.03684 1023865 52 89 19.2 91 115 206 102.5 11336 7.9 82.8 3 0 -3297.245
346 346 415 23 1 市立 群馬県 安中市 公立碓氷病院 群馬県安中市公立碓氷病院 16376.61567 2456738 149 61.8 18 137 274 411 133.1 8981 6 50.8 3 0 -1236.577
347 347 416 23 1 市立 群馬県 桐生地域医療組合 桐生厚生総合病院 群馬県桐生地域医療組合桐生厚生総合病院 21893.07031 9261535 510 65.5 13.2 334 825 1159 164.6 8117 15.4 86.5 4.5 1 1622.144
348 348 417 23 1 市立 群馬県 多野藤岡医療事務市町村組合 公立藤岡総合病院 群馬県多野藤岡医療事務市町村組合公立藤岡総合病院 19629.08155 8927110 391 86.9 14.4 340 906 1246 177.8 16584 20.4 88.3 4.3 1 -404.023
349 349 418 23 1 市立 群馬県 邑楽館林医療事務組合（事業会計分） 館林厚生病院 群馬県邑楽館林医療事務組合（事業会計分）館林厚生病院 23938.36777 6186153 353 76.1 12 269 439 708 108.9 7859 13.3 84.1 5 1 4877.682
350 350 419 23 1 市立 群馬県 富岡地域医療事務組合 富岡総合病院 群馬県富岡地域医療事務組合富岡総合病院 21410.61644 8440065 355 76.6 11.2 272 808 1080 198.1 21630 20.6 98.2 6.4 1 620.5149
351 351 420 23 1 市立 群馬県 富岡地域医療事務組合 七日市病院 群馬県富岡地域医療事務組合七日市病院 17263.32982 1638290 96 95.2 65.2 143 117 260 54.8 8869 8 68.7 2.7 0 325.8256
352 352 421 23 1 市立 群馬県 下仁田南牧医療事務組合 下仁田厚生病院 群馬県下仁田南牧医療事務組合下仁田厚生病院 13707.30448 1565991 94 80.6 16.4 120 193 313 107.8 8898 5.6 62.8 2.8 0 -2946.578
353 353 424 23 1 市立 埼玉県 川口市 医療センター 埼玉県川口市医療センター 21495.28878 13612429 539 84.3 14.5 454 1281 1735 209.6 44676 25.5 90.5 3.2 1 -1001.157
354 354 425 23 1 市立 埼玉県 秩父市 市立病院 埼玉県秩父市市立病院 18720.04169 2514476 165 61.8 18.6 102 266 368 190.5 14445 11.5 87 4.2 0 1215.034
355 355 426 23 1 市立 埼玉県 所沢市 市民医療センタ− 埼玉県所沢市市民医療センタ− 26643.48692 1604604 49 47.1 20.6 23 142 165 614.2 16053 16.3 85.3 4.5 0 9490.885
356 356 427 23 1 市立 埼玉県 東松山市 市民病院 埼玉県東松山市市民病院 20059.90152 3177689 110 79.9 15.2 88 346 434 317.2 10486 12.3 87.7 7 0 3808.409
357 357 428 23 1 市立 埼玉県 春日部市 春日部市立病院 埼玉県春日部市春日部市立病院 20700.12078 6512879 350 66.2 12.5 232 630 862 182 4752 17.1 77.7 3.7 1 1732.585
358 358 429 23 1 市立 埼玉県 草加市 草加市立病院 埼玉県草加市草加市立病院 20906.46471 8806012 366 81.1 12.2 297 857 1154 211.4 29041 24 92.8 3.6 0 -536.6387
359 359 430 23 1 市立 埼玉県 越谷市 越谷市立病院 埼玉県越谷市越谷市立病院 18053.44516 9686576 481 69.2 13.2 333 1137 1470 227.8 8947 17 78 3.5 1 -1398.302
360 360 431 23 1 市立 埼玉県 蕨市 市立病院 埼玉県蕨市市立病院 14435.38071 2755642 130 66.8 13 87 436 523 404.6 10069 11.4 81.2 6.1 0 -3102.256
361 361 432 23 1 市立 埼玉県 志木市 市民病院 埼玉県志木市市民病院 17323.14762 1979083 100 65.4 8.9 65 248 313 295.3 7475 12 65 3 0 -1214.913
362 362 433 23 1 市立 埼玉県 小鹿野町 国民健康保険町立小鹿野中央病院 埼玉県小鹿野町国民健康保険町立小鹿野中央病院 14382.86238 1254689 45 69.4 16.5 77 162 239 152.4 11230 7.1 80.2 3.2 0 -3028.041
363 363 434 23 1 市立 千葉県 市川市 リハビリテーション病院 千葉県市川市リハビリテーション病院 29216.60274 1599609 100 93.5 88.2 93 57 150 40.9 39494 8 52.4 2 0 12491.61
364 364 435 23 1 市立 千葉県 船橋市 医療センター 千葉県船橋市医療センター 25350.15182 12648585 446 84.2 11 376 991 1367 176 25194 25.2 101.1 3.5 0 3418.091
365 365 436 23 1 市立 千葉県 松戸市 国保松戸市立病院 千葉県松戸市国保松戸市立病院 26007.85643 13622265 605 77.2 13 467 968 1435 138.3 8319 22.2 95.3 3.4 1 4534.525
366 366 437 23 1 市立 千葉県 松戸市 福祉医療センター東松戸病院 千葉県松戸市福祉医療センター東松戸病院 17815.71514 2093881 198 80.3 50 159 163 322 68.5 11728 8 55.8 2 0 1205.686
367 367 438 23 1 市立 千葉県 旭市 総合病院国保旭中央病院 千葉県旭市総合病院国保旭中央病院 21112.61863 30955427 763 90.5 12.6 749 3268 4017 289.8 39530 26.4 97.4 5.6 1 -6709.86
368 368 439 23 1 市立 千葉県 柏市 柏病院 千葉県柏市柏病院 1414.075585 363877 200 74.7 16.1 149 556 705 299.9 6216 18.5 72.5 4 0 -10065.28
369 369 440 23 1 市立 千葉県 鴨川市 国保病院 千葉県鴨川市国保病院 9382.339511 698609 52 54.4 19.4 46 158 204 278.7 3050 8.6 34.3 1.4 0 -7211.69
370 370 441 23 1 市立 千葉県 南房総市 南房総市立富山国保病院 千葉県南房総市南房総市立富山国保病院 10582.69874 490561 35 66.4 13.3 34 93 127 185.3 8080 7.8 66.7 2 0 -5548.727
371 371 442 23 1 市立 千葉県 匝瑳市 国保匝瑳市民病院 千葉県匝瑳市国保匝瑳市民病院 14396.21073 2112356 157 57.8 15.4 91 311 402 228.4 14069 9.5 74 3.1 0 -3102.926
372 372 443 23 1 市立 千葉県 多古町 国保多古中央病院 千葉県多古町国保多古中央病院 13583.08954 1755071 110 77.2 20.2 132 222 354 135.6 20711 7.1 68 3 0 -3407.018
373 373 444 23 1 市立 千葉県 東庄町 国保東庄病院 千葉県東庄町国保東庄病院 14875.47139 923023 32 69.4 19.1 53 117 170 161.8 10888 9.4 49.9 3.8 0 -2431.636
374 374 445 23 1 市立 千葉県 大網白里町 国保大網病院 千葉県大網白里町国保大網病院 15209.76165 2070733 99 84.9 16.2 84 289 373 228.8 13828 14.1 97.3 5.1 0 -2477.948
375 375 446 23 1 市立 千葉県 横芝光町 東陽病院 千葉県横芝光町東陽病院 13583.35184 1100659 55 50.2 28.6 57 165 222 192.9 29145 8 54 3 0 -4948.88
376 376 447 23 1 市立 千葉県 鋸南町 国保鋸南病院 千葉県鋸南町国保鋸南病院 698.9453267 28828 71 36.4 18.3 26 87 113 253 6194 6.2 41.1 2.8 0 -16010.12
377 377 448 23 1 市立 千葉県 香取市東庄町病院組合 小見川総合病院 千葉県香取市東庄町病院組合小見川総合病院 16216.81607 3048356 170 55.4 13 94 421 515 298 6918 7.6 66.5 4.1 0 -1124.138
379 379 450 23 1 市立 千葉県 国保国吉病院組合 いすみ医療センター 千葉県国保国吉病院組合いすみ医療センター 17675.73537 2496786 92 84.3 18.9 97 290 387 241.4 18790 13.3 65.6 2.8 0 -57.14711
380 380 451 23 1 市立 千葉県 君津中央病院企業団 君津中央病院 千葉県君津中央病院企業団君津中央病院 26187.08795 16746119 629 90.3 13.5 574 1178 1752 136.9 25486 14.7 85.6 3.2 1 2778.169
381 381 452 23 1 市立 千葉県 君津中央病院企業団 君津中央病院大佐和分院 千葉県君津中央病院企業団君津中央病院大佐和分院 7073.779344 622245 36 89.7 17.3 32 209 241 430.3 5235 11.1 61.1 5.6 0 -8517.347
382 382 453 23 1 市立 千葉県 長生郡市広域市町村圏組合（事業会計分） 公立長生病院 千葉県長生郡市広域市町村圏組合（事業会計分）公立長生病院 18321.63723 3330324 180 74 17.4 133 365 498 182.6 11433 11.1 79.4 2.8 0 868.7732
383 383 454 23 1 市立 東京都 青梅市 総合病院 東京都青梅市総合病院 24381.38892 15867286 508 81.6 12.4 450 1333 1783 197.5 20594 26 93.2 4 1 1212.514
384 384 455 23 1 市立 東京都 町田市 町田市民病院 東京都町田市町田市民病院 19488.95788 12178260 447 84.2 12.4 372 1340 1712 240.1 29981 29.3 105.1 5.6 1 -2738.495
385 385 456 23 1 市立 東京都 日野市 市立病院 東京都日野市市立病院 17482.44495 6974534 300 80.9 12.6 243 850 1093 233.6 27068 14.7 59.3 3 1 -1317.54
386 386 457 23 1 市立 東京都 稲城市 市立病院 東京都稲城市市立病院 18950.7338 6204565 290 78 11.3 226 671 897 197.6 23208 21 90.1 4.4 1 -1124.13
387 387 458 23 1 市立 東京都 奥多摩町 奥多摩病院 東京都奥多摩町奥多摩病院 15644.83796 468250 43 51.1 21 22 60 82 191.2 20329 9.3 34.9 2.3 0 -919.5053
388 388 459 23 1 市立 東京都 八丈町 八丈病院 東京都八丈町八丈病院 17781.22042 1427832 52 46.5 13.5 24 196 220 588.8 50314 11.1 51.9 3.7 0 -80.28413
389 389 460 23 1 市立 東京都 阿伎留病院組合 阿伎留医療センター 東京都阿伎留病院組合阿伎留医療センター 20113.12117 6269461 310 63.6 17 197 657 854 222 29322 14.5 64.8 2.6 1 1905.053
390 390 461 23 1 市立 東京都 昭和病院組合 公立昭和病院 東京都昭和病院組合公立昭和病院 24700.51966 14758684 512 85.3 13.1 437 1200 1637 183.1 30502 30.5 94.8 3.9 1 667.6163
391 391 462 23 1 市立 東京都 福生病院組合 公立福生病院 東京都福生病院組合公立福生病院 19994.79943 7743286 271 82.8 14.3 224 837 1061 248.6 34114 24.9 98 3.3 1 -275.5732
393 393 465 23 1 市立 神奈川県 平塚市 平塚市民病院 神奈川県平塚市平塚市民病院 19145.91697 9552951 410 86.7 14 356 1011 1367 189.5 7460 25.9 87.8 5.5 1 -1953.385
394 394 466 23 1 市立 神奈川県 藤沢市 藤沢市民病院 神奈川県藤沢市藤沢市民病院 22510.54088 15939714 530 89.2 12.7 473 1467 1940 206.8 13388 28.4 112.2 4.3 1 -1211.915
395 395 467 23 1 市立 神奈川県 小田原市 市立病院 神奈川県小田原市市立病院 19173.54207 11022390 417 85.8 13 358 1217 1575 226.6 11862 25.4 117.8 4.5 1 -2325.722
396 396 468 23 1 市立 神奈川県 茅ヶ崎市 市立病院 神奈川県茅ヶ崎市市立病院 19733.27744 9060929 401 68.9 11.1 276 982 1258 236.8 27130 25.2 84.4 4.7 1 -2410.09
397 397 469 23 1 市立 神奈川県 三浦市 市立病院 神奈川県三浦市市立病院 11323.98268 2248490 136 87.5 13.8 119 425 544 237.9 11440 14 80.6 3.7 1 -5206.993
398 398 470 23 1 市立 神奈川県 厚木市 市立病院 神奈川県厚木市市立病院 20746.04961 7004385 309 70.6 12.7 240 685 925 190.2 4843 20.8 90.3 4.8 1 1845.762
399 399 471 23 1 市立 神奈川県 大和市 市立病院 神奈川県大和市市立病院 20693.13424 8806791 403 78.3 13.4 316 850 1166 179.6 14096 20.1 90.7 4.3 0 798.9743
400 400 472 23 1 市立 新潟県 見附市 見附市立病院 新潟県見附市見附市立病院 25572.12064 2174781 94 82.7 22.2 78 155 233 134.3 20190 9 89.7 4.3 0 7771.258
402 402 475 23 1 市立 新潟県 佐渡市 佐渡市立両津病院 新潟県佐渡市佐渡市立両津病院 13054.82548 1686814 99 77 20.4 76 278 354 242.8 7621 6.1 63.6 6.1 0 -3097.914
403 403 477 23 1 市立 新潟県 魚沼市 堀之内病院 新潟県魚沼市堀之内病院 17356.77776 848920 34 66.3 19.2 67 67 134 67.7 6857 4.8 51.2 1.2 0 736.5788
404 404 478 23 1 市立 新潟県 南魚沼市 ゆきぐに大和病院 新潟県南魚沼市ゆきぐに大和病院 14889.49908 3641227 161 73.6 19.9 156 514 670 255.6 7367 13.6 64.8 3 0 -3459.341
406 406 480 23 1 市立 新潟県 津南町 津南病院 新潟県津南町津南病院 15564.05923 1823563 62 59.9 16.2 81 240 321 234.8 3792 9 52.6 4.4 0 -1538.914
407 407 482 23 1 市立 富山県 富山市 富山市民病院 富山県富山市富山市民病院 19997.33776 10839057 539 79.1 16.4 457 1028 1485 149.9 10452 15 105.2 4.2 1 -464.6511
408 408 483 23 1 市立 富山県 高岡市 高岡市民病院 富山県高岡市高岡市民病院 17701.39877 8573761 408 79.1 14.4 366 961 1327 174.9 21109 14.1 66.8 2.9 1 -2638.172
409 409 485 23 1 市立 富山県 黒部市 黒部市民病院 富山県黒部市黒部市民病院 18864.62433 9088976 405 93.4 15.7 380 940 1320 164.2 10641 20.8 84.7 4.6 1 -2018.263
410 410 486 23 1 市立 富山県 砺波市 市立砺波総合病院 富山県砺波市市立砺波総合病院 17069.30474 10410825 461 81.3 15.5 404 1267 1671 209.3 19756 16 88.8 3.7 1 -3153.348
411 411 487 23 1 市立 富山県 南砺市 南砺市民病院 富山県南砺市南砺市民病院 15758.91492 2916266 180 76.8 16.4 138 369 507 177.9 23075 11.1 90.6 5 1 -2169.385
412 412 488 23 1 市立 富山県 南砺市 公立南砺中央病院 富山県南砺市公立南砺中央病院 18172.14955 2646501 145 39.2 19.2 94 305 399 216.6 22798 2.6 45.3 3.2 0 1678.302
413 413 489 23 1 市立 富山県 射水市 射水市民病院 富山県射水市射水市民病院 16303.02511 3713177 195 77 15.8 150 474 624 210.3 15315 14.2 81.9 3.5 1 -1656.998
414 414 490 23 1 市立 富山県 上市町 かみいち総合病院 富山県上市町かみいち総合病院 14680.94529 3450903 159 74.2 17.6 164 480 644 195.6 22072 11.3 73.3 3.6 0 -4019.786
415 415 491 23 1 市立 富山県 朝日町 あさひ総合病院 富山県朝日町あさひ総合病院 13342.96259 2819835 194 54.9 17.6 107 472 579 294.1 26676 6.5 53.4 3 0 -3638.554
416 416 492 23 1 市立 石川県 金沢市 市立病院 石川県金沢市市立病院 18989.97493 5226231 280 85.1 16.2 252 502 754 132.7 10633 12.9 76.6 2.9 0 238.7029
417 417 493 23 1 市立 石川県 小松市 小松市民病院 石川県小松市小松市民病院 15814.76118 6355399 300 82 14.1 275 826 1101 200 16773 16.3 80.9 3.6 1 -3789.197
418 418 494 23 1 市立 石川県 輪島市 輪島病院 石川県輪島市輪島病院 12658.47871 3243482 146 86.3 18 164 538 702 218.4 14379 8.5 75.9 3 1 -4648.54
419 419 495 23 1 市立 石川県 珠洲市 珠洲市総合病院 石川県珠洲市珠洲市総合病院 14784.17653 3798942 160 74.5 16.5 142 562 704 263.6 14942 8.5 68.8 4.5 1 -2418.862
420 420 496 23 1 市立 石川県 加賀市 加賀市民病院 石川県加賀市加賀市民病院 15936.58847 3885659 226 79 18.2 179 489 668 182.8 14144 12.6 70.6 3.5 1 -1061.337
421 421 497 23 1 市立 石川県 加賀市 山中温泉医療センター 石川県加賀市山中温泉医療センター 2519.750503 319139 159 71.6 17.2 144 203 347 113.6 5948 5 66.3 2 1 -14310.98
422 422 498 23 1 市立 石川県 能美市 国民健康保険能美市立病院 石川県能美市国民健康保険能美市立病院 13195.56425 1820592 99 85.7 17.5 122 256 378 156 17789 6.5 83.6 2.9 0 -3468.686
423 423 499 23 1 市立 石川県 津幡町 国保河北中央病院 石川県津幡町国保河北中央病院 14423.58284 952894 80 61.1 20 49 132 181 218 9371 7.5 63.1 2.5 0 -2360.701
424 424 500 23 1 市立 石川県 志賀町 富来病院 石川県志賀町富来病院 11687.84518 1075048 60 70.9 21.6 68 184 252 199.2 12293 6.1 56.4 5.1 0 -6224.348
425 425 501 23 1 市立 石川県 宝達志水町 国民健康保険志雄病院 石川県宝達志水町国民健康保険志雄病院 11076.89642 1022896 60 77.1 20.5 80 173 253 160.6 3629 6 61 3 0 -5157.131
426 426 502 23 1 市立 石川県 穴水町 公立穴水総合病院 石川県穴水町公立穴水総合病院 11761.53887 2240926 100 71.3 16 71 451 522 459.9 24534 12 73 2 0 -5287.154
427 427 503 23 1 市立 石川県 能登町 公立宇出津総合病院 石川県能登町公立宇出津総合病院 10218.7833 2148397 120 83.6 20.6 100 476 576 316.3 21693 10.8 88.2 3.3 0 -6404.993
428 428 504 23 1 市立 石川県 羽咋郡市広域圏事務組合（事業会計分） 公立羽咋病院 石川県羽咋郡市広域圏事務組合（事業会計分）公立羽咋病院 13711.20385 3022772 190 72.5 22.8 138 466 604 246.8 9071 9.6 68.9 3.7 1 -2640.134
429 429 505 23 1 市立 石川県 白山石川医療企業団 公立松任石川中央病院 石川県白山石川医療企業団公立松任石川中央病院 21832.49184 7658074 275 94.5 15.7 284 677 961 159.1 30714 20.2 97.7 4.3 1 1324.76
430 430 506 23 1 市立 石川県 白山石川医療企業団 公立つるぎ病院 石川県白山石川医療企業団公立つるぎ病院 14403.40062 2397302 99 84.1 19.6 130 326 456 186.6 18776 11.8 77.1 2.6 1 -3789.293
431 431 507 23 1 市立 石川県 七尾鹿島広域圏事務組合（事業会計分） 公立能登総合病院 石川県七尾鹿島広域圏事務組合（事業会計分）公立能登総合病院 16732.39162 8226564 330 88.9 16.6 374 973 1347 173.4 18242 12.2 83.4 3 1 -3749.213
432 432 508 23 1 市立 福井県 敦賀市 市立敦賀病院 福井県敦賀市市立敦賀病院 18476.55538 6710223 330 81.7 17.4 269 726 995 179.7 32746 17.3 74.1 3.2 0 -1393.808
433 433 509 23 1 市立 福井県 坂井市 坂井市立三国病院 福井県坂井市坂井市立三国病院 13991.89898 1894713 105 70.5 16.1 74 297 371 322.7 25129 12 83.3 4.5 0 -3707.301
434 434 510 23 1 市立 福井県 越前町 国保織田病院 福井県越前町国保織田病院 14831.80892 1055654 55 87.7 13 48 147 195 246.1 17065 10.9 82 3.6 0 -1503.258
435 435 511 23 1 市立 福井県 若狭町 国保上中病院 福井県若狭町国保上中病院 11816.13581 703001 39 62 19.8 50 113 163 169.1 12274 5.3 57.3 2.7 0 -4506.751
436 436 512 23 1 市立 福井県 公立小浜病院組合 小浜病院 福井県公立小浜病院組合小浜病院 16383.19069 6757247 296 82.1 15.8 371 759 1130 135.6 20183 10.7 71.1 2.9 0 -4321.927
437 437 513 23 1 市立 福井県 公立小浜病院組合 レイクヒルズ美方病院 福井県公立小浜病院組合レイクヒルズ美方病院 17514.38356 1048411 50 81.9 54.2 87 77 164 59 10425 6.3 60 3 0 1163.369
438 438 514 23 1 市立 福井県 公立丹南病院組合 丹南病院 福井県公立丹南病院組合丹南病院 14787.31469 3546072 195 63.4 12.2 124 533 657 347.3 2407 14.3 99.7 2.5 1 -2569.021
439 439 515 23 1 市立 山梨県 甲府市 甲府病院 山梨県甲府市甲府病院 21538.4059 8010887 402 65.8 13.4 265 754 1019 189.8 22573 17.1 75.1 2.9 1 1098.103
440 440 516 23 1 市立 山梨県 富士吉田市 国保市立病院 山梨県富士吉田市国保市立病院 19889.5179 6570005 250 86.6 12.9 245 660 905 179.5 24422 13.5 90 3.9 1 613.8492
441 441 517 23 1 市立 山梨県 都留市 市立病院 山梨県都留市市立病院 13324.52861 2480361 140 66.8 13.3 94 416 510 358 18164 17.2 79.5 3.6 0 -4488.233
442 442 519 23 1 市立 山梨県 大月市 中央病院 山梨県大月市中央病院 17586.20174 2471301 183 40.8 16.9 99 286 385 232.4 9642 4 46.2 2.7 0 632.6364
443 443 520 23 1 市立 山梨県 韮崎市 国保市立病院 山梨県韮崎市国保市立病院 13443.39392 2252239 141 85.6 19.3 151 308 459 136.2 7775 8.6 64.6 2.3 0 -3734.179
444 444 521 23 1 市立 山梨県 北杜市 塩川病院 山梨県北杜市塩川病院 16967.22152 1554452 54 89.3 19.3 95 156 251 164 20188 8.4 65.2 2.8 0 72.12195
445 445 522 23 1 市立 山梨県 北杜市 甲陽病院 山梨県北杜市甲陽病院 16331.87992 1400867 86 57.6 17.3 76 159 235 208.5 9933 8.6 55.8 2.5 0 -1063.111
446 446 525 23 1 市立 山梨県 市川三郷町 市川三郷町立病院 山梨県市川三郷町市川三郷町立病院 13114.18846 1579604 100 55.4 14.6 55 275 330 330.6 17768 8 63.5 4 0 -3651.821
447 447 526 23 1 市立 山梨県 身延町早川町国民健康保険病院一部組合 飯富病院 山梨県身延町早川町国民健康保険病院一部組合飯富病院 14608.45836 1343686 61 96.1 23.6 84 168 252 160.5 29894 8 54 3.4 0 -1967.758
448 448 528 23 1 市立 長野県 松本市 松本市国民健康保険会田病院 長野県松本市松本市国民健康保険会田病院 10861.36986 356796 11 79.3 30.5 27 63 90 152.6 6833 11.3 68.7 6.5 0 -5058.485
449 449 529 23 1 市立 長野県 松本市 松本市立波田総合病院 長野県松本市松本市立波田総合病院 18273.59562 4168664 209 75.2 14.3 157 468 625 198.4 14070 14 100 5.1 0 1133.452
451 451 531 23 1 市立 長野県 岡谷市 岡谷病院 長野県岡谷市岡谷病院 18084.10395 5135343 260 77.8 16.9 204 574 778 209 8913 11 103.3 4.9 1 -983.1644
453 453 533 23 1 市立 長野県 大町市 大町総合病院 長野県大町市大町総合病院 18365.37304 3934873 230 62.2 14.6 186 401 587 156.5 9231 8.2 75.2 2.5 1 635.0299
454 454 534 23 1 市立 長野県 佐久市 国保浅間総合病院 長野県佐久市国保浅間総合病院 14903.22445 6364422 243 87.1 10.6 265 905 1170 227.9 10131 16.5 88.1 2.8 1 -4727.996
455 455 535 23 1 市立 長野県 東御市 東御市民病院 長野県東御市東御市民病院 16513.37157 1741913 60 75.6 11.9 45 244 289 393.3 31624 18.3 123.8 6.7 0 -2190.859
456 456 536 23 1 市立 長野県 佐久穂町 佐久穂町立千曲病院 長野県佐久穂町佐久穂町立千曲病院 14726.21397 1499644 62 81 20 95 184 279 143.9 4477 7.1 67.2 2.6 0 -1520.849
457 457 537 23 1 市立 長野県 軽井沢町 国保軽井沢病院 長野県軽井沢町国保軽井沢病院 16080.39256 1966230 79 70 11.6 66 269 335 271 16027 10.9 73.4 4.9 0 -698.8788
458 458 538 23 1 市立 長野県 辰野町 辰野総合病院 長野県辰野町辰野総合病院 14497.15817 1703851 125 52.3 23 65 257 322 286.9 7427 8.6 61.3 3.2 0 -1784.472
459 459 539 23 1 市立 長野県 信濃町 信越病院 長野県信濃町信越病院 10183.62409 1304675 56 70.3 16.3 89 262 351 196.3 4242 6.6 44.3 3.8 0 -5983.555
460 460 540 23 1 市立 長野県 飯綱町 飯綱町立飯綱病院 長野県飯綱町飯綱町立飯綱病院 11970.49191 1922461 110 69.4 17.7 117 323 440 204.6 14863 6.5 51 2.5 0 -5343.759
461 461 541 23 1 市立 長野県 伊那中央行政組合（事業会計分） 伊那中央病院 長野県伊那中央行政組合（事業会計分）伊那中央病院 22596.6314 9270494 390 84.7 14.1 330 794 1124 160.2 26030 17.3 101.4 5.3 0 2648.63
462 462 542 23 1 市立 長野県 伊南行政組合 昭和伊南総合病院 長野県伊南行政組合昭和伊南総合病院 22702.08114 5170626 300 63.4 17.3 190 434 624 152.1 7524 8.6 66.5 3.2 1 4493.586
463 463 543 23 1 市立 長野県 諏訪中央病院組合 組合立諏訪中央病院 長野県諏訪中央病院組合組合立諏訪中央病院 18317.33701 7113721 315 85.5 15.5 307 757 1064 183.5 13411 22.2 92.4 4.4 1 -2260.763
464 464 544 23 1 市立 長野県 依田窪医療福祉事務組合 国保依田窪病院 長野県依田窪医療福祉事務組合国保依田窪病院 18562.33347 2960785 140 81.6 19.1 114 323 437 192.5 22153 12.9 67.1 4.3 0 1569.205
465 465 545 23 1 市立 岐阜県 岐阜市 岐阜市民病院 岐阜県岐阜市岐阜市民病院 19617.29514 13783602 559 84.6 13.4 521 1404 1925 179.6 27506 19.7 82.4 3.3 1 -3408.369
466 466 546 23 1 市立 岐阜県 大垣市 大垣市民病院 岐阜県大垣市大垣市民病院 23555.93813 26756719 842 88.7 13.3 759 2353 3112 206.7 19433 21.2 86.3 5.6 1 -1699.354
468 468 548 23 1 市立 岐阜県 中津川市 総合病院中津川市民病院 岐阜県中津川市総合病院中津川市民病院 16579.71559 6354176 360 66.1 12.8 238 812 1050 227.6 12391 14 69.8 3.7 1 -1548.076
469 469 549 23 1 市立 岐阜県 中津川市 国民健康保険坂下病院 岐阜県中津川市国民健康保険坂下病院 11362.24723 2786932 149 72.4 20.4 156 516 672 220.6 24697 9.3 72.2 2.5 0 -6649.782
470 470 550 23 1 市立 岐阜県 美濃市 美濃病院 岐阜県美濃市美濃病院 12791.45304 2068314 122 89.1 15.4 109 334 443 204.7 20524 9.8 54.1 3.3 1 -3749.569
471 471 551 23 1 市立 岐阜県 羽島市 羽島市民病院 岐阜県羽島市羽島市民病院 17619.75664 5755934 271 72.6 16.1 230 665 895 192.9 11942 15.6 83 5.6 1 -1803.378
472 472 553 23 1 市立 岐阜県 恵那市 国民健康保険上矢作病院 岐阜県恵那市国民健康保険上矢作病院 14373.79659 939112 34 94.4 16 48 131 179 185.1 8760 9.3 78.6 7 0 -1994.432
473 473 554 23 1 市立 岐阜県 土岐市 土岐市立総合病院・駄知診療所 岐阜県土岐市土岐市立総合病院・駄知診療所 18395.28806 5680281 350 58.5 16.4 205 641 846 208.8 16273 15.7 65.9 2.9 0 -1047.901
474 474 555 23 1 市立 岐阜県 飛騨市 国民健康保険飛騨市民病院 岐阜県飛騨市国民健康保険飛騨市民病院 10865.20724 1233364 58 75.2 18.1 69 242 311 235.6 31377 7 65.2 3.3 0 -6096.142
475 475 556 23 1 市立 岐阜県 郡上市 郡上市民病院 岐阜県郡上市郡上市民病院 13499.00698 2650800 100 96.1 12.8 140 398 538 188.8 32598 11.3 81.5 2 0 -4493.761
476 476 557 23 1 市立 岐阜県 郡上市 郡上市国保白鳥病院 岐阜県郡上市郡上市国保白鳥病院 10521.62124 1117554 60 86.8 19.1 52 239 291 305.9 16247 12.5 85.6 3.8 0 -6051.298
477 477 558 23 1 市立 岐阜県 下呂市 下呂市立金山病院 岐阜県下呂市下呂市立金山病院 13233.37993 1183395 67 52.9 17.4 57 188 245 243.5 2941 8.2 61.8 1.8 0 -3962.331
478 478 559 23 1 市立 岐阜県 関ケ原町 国保関ケ原病院 岐阜県関ケ原町国保関ケ原病院 18797.60882 2319061 99 68.9 20.8 103 235 338 183.5 16595 7.4 72.4 3.4 0 1013.219
479 479 561 23 1 市立 静岡県 沼津市 市立病院 静岡県沼津市市立病院 26105.94858 10433895 500 66.3 13.4 331 764 1095 153.6 10628 17.6 77.8 4.2 1 6222.046
480 480 562 23 1 市立 静岡県 富士宮市 市立病院 静岡県富士宮市市立病院 23605.12383 8297083 350 80.6 12.2 282 681 963 161.1 11559 15.7 95.4 6.6 1 3683.656
481 481 564 23 1 市立 静岡県 島田市 島田市民病院 静岡県島田市島田市民病院 21095.32038 11842280 467 91.6 12.6 465 1073 1538 154 10719 18.9 103.5 3.5 1 -750.2937
482 482 565 23 1 市立 静岡県 富士市 中央病院 静岡県富士市中央病院 25407.4735 12130036 524 65.4 12.5 374 934 1308 166.6 6539 13.1 91.5 3.5 1 7262.61
483 483 566 23 1 市立 静岡県 磐田市 総合病院 静岡県磐田市総合病院 22264.03804 12758407 498 87.1 13.3 434 1136 1570 174.6 22417 19.2 94.6 3.6 1 809.1404
484 484 567 23 1 市立 静岡県 焼津市 焼津市立総合病院 静岡県焼津市焼津市立総合病院 19859.40789 10387364 486 80.3 12.6 390 1043 1433 178.3 8933 18.7 94.2 3.9 1 -602.7069
485 485 568 23 1 市立 静岡県 掛川市 総合病院 静岡県掛川市総合病院 20429.72048 7553787 448 55.9 12.4 250 763 1013 203.1 7490 10.9 81.6 3.8 1 1883.934
486 486 569 23 1 市立 静岡県 藤枝市 藤枝市立総合病院 静岡県藤枝市藤枝市立総合病院 24723.22925 12696738 584 72.9 13.8 428 979 1407 152.5 21325 17.9 91.4 3 1 3811.826
487 487 570 23 1 市立 静岡県 袋井市 袋井市民病院 静岡県袋井市袋井市民病院 21947.25922 5214998 398 36.3 13.1 145 506 651 233.2 6986 8.6 59.2 2.8 1 5157.179
488 488 571 23 1 市立 静岡県 湖西市 市立湖西病院 静岡県湖西市市立湖西病院 18970.51282 3240543 200 42.5 13.4 85 383 468 300.3 10982 9.7 62.9 3.5 0 1820.986
489 489 572 23 1 市立 静岡県 御前崎市 市立御前崎総合病院 静岡県御前崎市市立御前崎総合病院 20865.24932 3807908 238 70.9 24.3 151 349 500 153.7 15408 6.2 48.9 2.4 0 4146.501
490 490 573 23 1 市立 静岡県 菊川市 菊川市立総合病院 静岡県菊川市菊川市立総合病院 18215.63234 4926691 202 81.5 12.6 195 546 741 186.3 14180 11.3 83.8 4.6 1 -679.484
491 491 574 23 1 市立 静岡県 森町 公立森町病院 静岡県森町公立森町病院 14028.64894 2611433 131 88.3 21.4 116 394 510 227.2 16555 13.4 99.2 3.8 0 -2992.1
492 492 575 23 1 市立 静岡県 共立蒲原総合病院組合（事業会計分） 共立蒲原総合病院 静岡県共立蒲原総合病院組合（事業会計分）共立蒲原総合病院 19243.82194 4221421 228 52.5 17.2 174 427 601 163.2 16030 5.6 67 3.1 1 2678.48
493 493 578 23 1 市立 愛知県 豊橋市 豊橋市民病院 愛知県豊橋市豊橋市民病院 21486.23151 21684442 866 84.2 15.4 734 2031 2765 184.3 12624 21.9 79.6 4 1 -2929.508
494 494 579 23 1 市立 愛知県 岡崎市 岡崎市民病院 愛知県岡崎市岡崎市民病院 23691.34607 16974731 650 96.4 13.8 627 1336 1963 142.1 23674 23.7 91.2 3.5 1 -1187.805
495 495 580 23 1 市立 愛知県 一宮市 一宮市立市民病院 愛知県一宮市一宮市立市民病院 23358.27626 17597191 560 94.1 11.7 542 1522 2064 187.1 16971 26.9 97.2 5.7 1 -1380.185
496 496 581 23 1 市立 愛知県 一宮市 一宮市立木曽川市民病院 愛知県一宮市一宮市立木曽川市民病院 22626.99027 2279443 90 87.7 18.3 125 151 276 80.2 9496 7 69.9 3.6 0 5167.999
497 497 582 23 1 市立 愛知県 半田市 半田病院 愛知県半田市半田病院 20462.63653 10687942 499 87.7 11.4 438 993 1431 151.3 7953 21.7 85.6 4.2 1 -1084.003
498 498 583 23 1 市立 愛知県 春日井市 春日井市民病院 愛知県春日井市春日井市民病院 19110.86697 12576766 550 87.8 13.4 483 1320 1803 182.2 22677 23 98.1 4.9 1 -4152.446
499 499 584 23 1 市立 愛知県 豊川市 豊川市民病院 愛知県豊川市豊川市民病院 16465.58117 10036595 339 98 14 404 1266 1670 209 6749 18 97.1 4.9 1 -4806.891
500 500 585 23 1 市立 愛知県 津島市 津島市民病院 愛知県津島市津島市民病院 19757.96683 7947247 440 72.9 15 321 781 1102 162.2 14332 17.9 84.8 3.5 0 -12.79185
501 501 586 23 1 市立 愛知県 碧南市 碧南市民病院 愛知県碧南市碧南市民病院 20448.42551 7194983 320 75.1 12.6 240 724 964 200.9 15648 17.5 89.7 4.4 0 1185.737
502 502 587 23 1 市立 愛知県 西尾市 西尾市民病院 愛知県西尾市西尾市民病院 18431.81981 8510432 400 75 13.4 300 965 1265 214.5 14174 13.8 94.7 4.3 1 -568.7465
503 503 588 23 1 市立 愛知県 蒲郡市 蒲郡市民病院 愛知県蒲郡市蒲郡市民病院 18323.22153 7202950 382 73.1 14.5 279 798 1077 190.4 21212 14.5 82.2 4.7 0 -688.1921
504 504 589 23 1 市立 愛知県 常滑市 常滑市民病院 愛知県常滑市常滑市民病院 16496.2786 4419518 300 63 17.9 189 545 734 192.1 4535 11.1 73.5 2.9 0 -729.036
505 505 590 23 1 市立 愛知県 小牧市 小牧市民病院 愛知県小牧市小牧市民病院 21533.47828 17629351 544 96.4 12.3 525 1718 2243 218.4 14501 31.3 95.3 5.2 1 -2741.537
506 506 591 23 1 市立 愛知県 稲沢市 稲沢市民病院 愛知県稲沢市稲沢市民病院 21180.76092 4166997 392 32.4 15.9 127 412 539 216.4 2084 9.8 44 2.6 0 3814.881
507 507 592 23 1 市立 愛知県 新城市 新城市民病院 愛知県新城市新城市民病院 18784.63504 3675026 255 50.4 15.3 129 407 536 211 13248 8.8 56.6 2.1 0 2612.188
510 510 597 23 1 市立 愛知県 みよし市 みよし市民病院 愛知県みよし市みよし市民病院 14329.80522 2677954 68 88.6 17.7 110 402 512 243.5 25406 12.3 52.5 7.4 0 -4427.327
511 511 598 23 1 市立 愛知県 あま市 あま市民病院 愛知県あま市あま市民病院 18170.9863 1989723 199 29.5 16.4 59 241 300 273.8 5057 10.1 49.5 3 0 1105.513
512 512 600 23 1 市立 愛知県 公立陶生病院組合 公立陶生病院 愛知県公立陶生病院組合公立陶生病院 21197.26503 17841526 666 88 13.2 612 1694 2306 184.6 11799 24.2 79.9 4.8 1 -2426.277
513 513 601 23 1 市立 三重県 四日市市 四日市病院 三重県四日市市四日市病院 21191.79134 16112013 566 79.1 11.1 448 1635 2083 243.4 6585 24.1 102.1 3.7 1 -151.6953
514 514 602 23 1 市立 三重県 伊勢市 市立伊勢総合病院 三重県伊勢市市立伊勢総合病院 20001.43405 5453491 285 61.8 12.6 189 558 747 196.8 4212 13.8 84 3.1 1 958.0172
515 515 603 23 1 市立 三重県 松阪市 松阪市民病院 三重県松阪市松阪市民病院 23029.83592 6884424 326 75.9 11.8 247 572 819 154 17093 13.7 87.2 3.4 1 3466.593
517 517 605 23 1 市立 三重県 名張市 名張市立病院 三重県名張市名張市立病院 24611.22259 3826799 200 65.6 15 131 295 426 150.1 25071 12.6 66.5 3.5 0 5759.882
518 518 606 23 1 市立 三重県 尾鷲市 尾鷲総合病院 三重県尾鷲市尾鷲総合病院 17399.00337 4312082 199 86.2 16.1 224 455 679 135.6 11115 6.3 83.9 2 0 -25.05062
519 519 607 23 1 市立 三重県 亀山市 市立医療センター 三重県亀山市市立医療センター 19800.45254 1618885 100 58.8 18.7 59 165 224 187.7 16769 6.5 74 3 0 2341.355
520 520 608 23 1 市立 三重県 志摩市 国民健康保険志摩市民病院 三重県志摩市国民健康保険志摩市民病院 14006.30654 1625712 50 79.8 23 75 243 318 216.7 19114 8.9 97.8 4.4 0 -3910.67
521 521 609 23 1 市立 三重県 伊賀市 伊賀市立上野総合市民病院 三重県伊賀市伊賀市立上野総合市民病院 28664.93057 3065571 243 26.9 17.7 65 228 293 233.1 5922 5 45.2 2.8 0 8001.379
522 522 610 23 1 市立 三重県 大台町 報徳病院 三重県大台町報徳病院 12925.38276 481212 30 74.5 25.2 22 80 102 288.6 9726 10.7 80 3.3 0 -3388.534
523 523 611 23 1 市立 三重県 玉城町 国保玉城病院 三重県玉城町国保玉城病院 9387.601579 606486 20 100.7 17 47 130 177 184.5 16417 6 84.6 4 0 -6132.704
524 524 612 23 1 市立 三重県 南伊勢町 町立南伊勢病院 三重県南伊勢町町立南伊勢病院 12062.89773 832159 33 51.9 16.6 42 147 189 256.2 2989 7 55.7 3.9 0 -5918.653
525 525 613 23 1 市立 三重県 紀南病院組合 紀南病院 三重県紀南病院組合紀南病院 17109.424 3628310 234 71.5 21.4 200 381 581 126.8 13640 6.9 66.2 2.1 1 -1059.829
526 526 614 23 1 市立 滋賀県 大津市 大津市民病院 滋賀県大津市大津市民病院 21630.35781 11068903 488 87.4 10.7 427 975 1402 152.3 20835 20.9 106 2.3 1 -163.7773
527 527 615 23 1 市立 滋賀県 彦根市 市立病院 滋賀県彦根市市立病院 18167.49146 8832671 456 72.3 14 330 1002 1332 202.6 25191 15.6 92.3 3.4 1 -1672.769
528 528 616 23 1 市立 滋賀県 長浜市 市立長浜病院 滋賀県長浜市市立長浜病院 17610.01113 11389803 520 69.9 13.4 437 1335 1772 204 10569 14.9 95 3 1 -3468.959
529 529 617 23 1 市立 滋賀県 長浜市 長浜市立湖北病院 滋賀県長浜市長浜市立湖北病院 14545.7184 2325424 96 72.3 18.1 123 315 438 171.2 19722 12.2 82.7 3.3 0 -3388.97
530 530 618 23 1 市立 滋賀県 近江八幡市 近江八幡市立総合医療センター 滋賀県近江八幡市近江八幡市立総合医療センター 23814.48437 10335129 403 88.3 10.4 356 833 1189 156.1 28093 24.9 98.6 3.7 1 2171.16
531 531 619 23 1 市立 滋賀県 守山市 守山市民病院 滋賀県守山市守山市民病院 15446.50591 2892281 159 62.5 18.5 136 377 513 185.1 19847 11.2 78.4 3.5 0 -2154.122
532 532 620 23 1 市立 滋賀県 甲賀市 信楽中央病院 滋賀県甲賀市信楽中央病院 13844.0491 778174 50 53.4 19 27 127 154 316 13386 8.6 69 7 0 -742.1214
533 533 621 23 1 市立 滋賀県 高島市 公立高島総合病院 滋賀県高島市公立高島総合病院 14523.36574 3906858 206 85.9 16.6 177 560 737 210.8 18374 11.4 68 3.8 0 -2600.926
534 534 622 23 1 市立 滋賀県 東近江市 東近江市立蒲生病院 滋賀県東近江市東近江市立蒲生病院 14091.00705 1229229 120 27.1 20.2 33 206 239 469 4913 9.6 45.8 2.5 0 -2783.594
535 535 623 23 1 市立 滋賀県 東近江市 東近江市立能登川病院 滋賀県東近江市東近江市立能登川病院 21186.94948 1438382 120 35.6 18.8 43 143 186 245.5 10711 7.1 44.8 3.3 0 2784.238
536 536 624 23 1 市立 滋賀県 公立甲賀病院組合（事業会計分） 公立甲賀病院 滋賀県公立甲賀病院組合（事業会計分）公立甲賀病院 18494.5639 8532652 394 70.5 15.1 317 947 1264 202.6 5218 15.4 68.8 4.1 1 -1590.129
537 537 625 23 1 市立 京都府 福知山市 福知山市民病院 京都府福知山市福知山市民病院 18392.9057 7995672 340 86.5 15.2 295 896 1191 202.3 27403 15 68.9 3.7 1 -351.2954
538 538 627 23 1 市立 京都府 舞鶴市 舞鶴市民病院 京都府舞鶴市舞鶴市民病院 28658.90411 1108813 150 14.4 67.5 45 61 106 90.9 4842 3.4 22.4 2.5 0 6341.645
539 539 629 23 1 市立 京都府 亀岡市 市立病院 京都府亀岡市市立病院 15538.80064 2132545 100 78 14.9 78 298 376 254.6 22191 14 69 3 0 -1917.096
540 540 630 23 1 市立 京都府 京丹後市 京丹後市立弥栄病院 京都府京丹後市京丹後市立弥栄病院 16600.9792 3272053 152 81.2 1.6 168 372 540 147.7 9412 7.7 80.8 3.5 0 -1386.805
541 541 631 23 1 市立 京都府 京丹後市 京丹後市立久美浜病院 京都府京丹後市京丹後市立久美浜病院 12750.29198 2336236 110 89.9 12.5 157 345 502 146.2 8342 11.6 76.1 2.6 0 -5195.795
542 542 633 23 1 市立 京都府 京丹波町 国保京丹波町病院 京都府京丹波町国保京丹波町病院 11523.79998 1034722 47 76.6 19.8 36 210 246 422.9 28919 19.1 75.3 6.2 0 -5566.062
543 543 634 23 1 市立 京都府 国民健康保険南丹病院組合 国保南丹病院 京都府国民健康保険南丹病院組合国保南丹病院 18544.06338 8426886 450 73.8 15.2 334 911 1245 181.9 14956 15 73.6 3 0 -760.3803
544 544 635 23 1 市立 京都府 国民健康保険山城病院組合 国保山城病院 京都府国民健康保険山城病院組合国保山城病院 20558.77143 5733019 311 71.1 13.2 221 543 764 163.5 24506 13.4 62.6 2.8 0 1787.702
545 545 636 23 1 市立 大阪府 岸和田市 岸和田市民病院 大阪府岸和田市岸和田市民病院 19943.99699 11123166 400 85.4 13.3 341 1187 1528 232.2 23345 26.9 96.9 3.4 1 -1445.709
546 546 637 23 1 市立 大阪府 豊中市 豊中病院 大阪府豊中市豊中病院 25383.72932 16955062 599 94.2 12.4 564 1266 1830 149.7 25923 27.7 99.2 5.2 1 694.9559
547 547 638 23 1 市立 大阪府 池田市 池田病院 大阪府池田市池田病院 21117.579 9673435 364 93.5 13.2 340 915 1255 179.1 25666 28.6 99.3 5.2 1 -2117.042
548 548 639 23 1 市立 大阪府 吹田市 吹田市民病院 大阪府吹田市吹田市民病院 18532.55404 9361905 431 87 16 375 1009 1384 179.3 7802 20.7 77.9 5.2 1 -2119.633
549 549 640 23 1 市立 大阪府 泉大津市 市立病院 大阪府泉大津市市立病院 17731.90103 5443073 230 80.1 10.8 184 657 841 237.9 29461 23.1 110.1 3.8 0 -2867.459
550 550 641 23 1 市立 大阪府 貝塚市 貝塚病院 大阪府貝塚市貝塚病院 18761.72567 5731801 249 83.6 14.7 208 629 837 243.5 20032 21.2 72.7 4.4 0 -1499.812
551 551 642 23 1 市立 大阪府 枚方市 枚方市民病院 大阪府枚方市枚方市民病院 17955.1653 5786860 327 57.3 9.8 187 696 883 248 2570 20 77.7 5 1 -2336.997
552 552 643 23 1 市立 大阪府 八尾市 市立病院 大阪府八尾市市立病院 23590.77848 9531972 380 86.6 11.6 329 778 1107 157.7 21385 23.9 84.5 3.9 1 2640.3
554 554 645 23 1 市立 大阪府 和泉市 市立病院 大阪府和泉市市立病院 20404.44487 6390060 307 78.3 15.3 240 618 858 172.1 9645 20.1 93.2 4.2 1 1115.651
555 555 646 23 1 市立 大阪府 箕面市 市立病院 大阪府箕面市市立病院 21666.14829 8010950 317 91.9 10.9 291 722 1013 165.1 23778 27.4 91.5 5.6 1 -419.6594
556 556 647 23 1 市立 大阪府 柏原市 市立柏原病院 大阪府柏原市市立柏原病院 18026.73381 3776781 220 69.2 15.4 156 418 574 216.2 27308 17.1 83.5 3.1 0 -910.8343
557 557 648 23 1 市立 大阪府 藤井寺市 藤井寺市民病院 大阪府藤井寺市藤井寺市民病院 21908.6758 2159100 98 74.4 14.6 73 197 270 218.1 7601 20.3 86 13.4 0 218.1397
558 558 649 23 1 市立 大阪府 東大阪市 総合病院 大阪府東大阪市総合病院 20500.27303 13064619 573 72.5 13 415 1331 1746 213.7 15124 20.4 76.2 3.7 1 -1354.778
559 559 651 23 1 市立 兵庫県 明石市 市民病院 兵庫県明石市市民病院 11322.32553 3318517 398 54.1 15.3 215 588 803 185.1 11322 14.8 71.5 3 1 364.7383
560 560 652 23 1 市立 兵庫県 西宮市 中央病院 兵庫県西宮市中央病院 20538.58413 5000221 257 59.5 13.7 152 515 667 225.3 6238 21.6 63.4 5 1 1972.064
561 561 653 23 1 市立 兵庫県 芦屋市 芦屋病院 兵庫県芦屋市芦屋病院 22343.08924 3726939 199 81.3 14.4 134 323 457 160.4 6085 19.1 71.1 3.5 0 4448.118
562 562 654 23 1 市立 兵庫県 伊丹市 伊丹病院 兵庫県伊丹市伊丹病院 20352.97593 8164291 414 73.5 13.6 304 795 1099 174 18883 24.6 86.4 4.6 1 -800.6135
563 563 655 23 1 市立 兵庫県 相生市 相生市民病院 兵庫県相生市相生市民病院 21040.35709 683496 61 52.1 22.7 32 57 89 144.4 6425 4.9 44.3 3.3 0 5222.851
564 564 656 23 1 市立 兵庫県 赤穂市 赤穂市民病院 兵庫県赤穂市赤穂市民病院 20029.68074 8824176 416 75.9 15.5 316 891 1207 188.2 14119 15.2 73.8 5.1 1 -1053.722
565 565 657 23 1 市立 兵庫県 西脇市 西脇病院 兵庫県西脇市西脇病院 22517.66454 6895697 320 86.5 15 277 562 839 135.3 18199 12.5 75 4.1 1 2456.311
566 566 658 23 1 市立 兵庫県 宝塚市 市立病院 兵庫県宝塚市市立病院 22975.06977 10784268 446 71.8 13.9 320 966 1286 201.2 13673 20.9 85 5.6 1 2850.708
567 567 659 23 1 市立 兵庫県 三木市 三木市民病院 兵庫県三木市三木市民病院 30451.74241 5946464 323 54.5 15.6 176 359 535 136 6930 13.9 78.5 3.4 1 12333.66
568 568 660 23 1 市立 兵庫県 高砂市 高砂市民病院 兵庫県高砂市高砂市民病院 16645.3815 5437630 290 66 17.7 192 703 895 244.8 12672 13.8 81.8 4.1 1 -2308.31
569 569 661 23 1 市立 兵庫県 川西市 川西病院 兵庫県川西市川西病院 19177.01699 4374757 283 48.4 12.4 137 488 625 237.5 4945 13.1 58.4 4.4 1 108.6653
570 570 662 23 1 市立 兵庫県 小野市 小野市民病院 兵庫県小野市小野市民病院 16333.21759 3857171 220 84.2 16.1 185 462 647 166.4 8021 17.6 58.2 3.6 1 -2244.934
571 571 663 23 1 市立 兵庫県 三田市 三田市民病院 兵庫県三田市三田市民病院 23394.37463 7855831 300 79.8 12.6 239 681 920 190.2 17668 22.3 104.9 5 1 3052.921
572 572 664 23 1 市立 兵庫県 加西市 加西病院 兵庫県加西市加西病院 22199.41031 6701003 260 86.3 16.1 224 603 827 179.2 10691 22.6 93.3 5.1 1 2664.36
573 573 665 23 1 市立 兵庫県 宍粟市 公立宍粟総合病院 兵庫県宍粟市公立宍粟総合病院 16988.51495 3584067 205 70.4 16.6 144 434 578 201 12565 10.9 87.8 3.4 1 -604.7614
574 574 666 23 1 市立 兵庫県 加東市 加東市民病院 兵庫県加東市加東市民病院 18393.80483 2390091 167 65.2 20.8 109 247 356 151.5 7017 10.2 68.1 3.4 0 165.1917
575 575 667 23 1 市立 兵庫県 たつの市 たつの市立御津病院 兵庫県たつの市たつの市立御津病院 13649.69754 1748731 178 42.9 19.9 76 275 351 240 2486 4.5 54.5 2.8 0 -2546.483
576 576 668 23 1 市立 兵庫県 神河町 公立神崎総合病院 兵庫県神河町公立神崎総合病院 15626.36174 3365137 155 74.4 21.8 115 475 590 274.8 17765 11 82.6 4.5 1 -2383.551
577 577 669 23 1 市立 兵庫県 香美町 公立香住病院 兵庫県香美町公立香住病院 12002.70059 920007 50 63.6 20 32 178 210 373.8 18753 10 72 6 0 -4905.684
578 578 670 23 1 市立 兵庫県 新温泉町 浜坂病院 兵庫県新温泉町浜坂病院 12671.46506 818640 110 35.8 21 39 138 177 235 9139 4.5 41.8 1.8 0 -4082.038
579 579 671 23 1 市立 兵庫県 公立豊岡病院組合 公立豊岡病院 兵庫県公立豊岡病院組合公立豊岡病院 22735.64124 11916659 431 93.2 14.5 438 998 1436 151.8 22214 21.8 86 4.2 0 -373.1904
580 580 672 23 1 市立 兵庫県 公立豊岡病院組合 公立豊岡病院日高医療センター 兵庫県公立豊岡病院組合公立豊岡病院日高医療センター 13302.13869 2180021 64 78 7.6 82 367 449 300 10427 13 98 4 0 -4155.61
581 581 673 23 1 市立 兵庫県 公立豊岡病院組合 公立豊岡病院出石医療センター 兵庫県公立豊岡病院組合公立豊岡病院出石医療センター 14891.35933 706595 55 61.3 20 34 96 130 189.9 10534 5.5 52.7 3.6 0 -1857.402
582 582 674 23 1 市立 兵庫県 公立豊岡病院組合 公立朝来梁瀬医療センター 兵庫県公立豊岡病院組合公立朝来梁瀬医療センター 16219.51356 580172 50 47.2 15.5 24 74 98 208.6 11226 6 58 4 0 -490.0618
583 583 675 23 1 市立 兵庫県 公立豊岡病院組合 公立朝来和田山医療センター 兵庫県公立豊岡病院組合公立朝来和田山医療センター 15670.40707 1612955 103 66.3 23.4 100 182 282 121.6 3002 4.3 56.8 2.9 0 -328.6701
584 584 676 23 1 市立 兵庫県 公立八鹿病院組合 公立八鹿病院 兵庫県公立八鹿病院組合公立八鹿病院 24618.2916 7359269 358 81.4 14 339 480 819 94.4 30513 9 77.6 3.8 0 3740.578
585 585 677 23 1 市立 兵庫県 公立八鹿病院組合 公立村岡病院 兵庫県公立八鹿病院組合公立村岡病院 18607.49488 590881 50 63.1 22.4 32 55 87 116.4 10718 6.6 46.2 4 0 1284.253
586 586 680 23 1 市立 奈良県 大和高田市 大和高田市立病院 奈良県大和高田市大和高田市立病院 14864.95909 6250418 320 87.2 16.7 278 874 1152 209.4 9747 13.1 86.9 3.1 1 -3831.048
587 587 681 23 1 市立 奈良県 天理市 天理市立病院 奈良県天理市天理市立病院 13609.53425 1862805 129 60.6 18.8 78 297 375 257.7 7610 12.1 73 3.9 1 -3374.252
588 588 682 23 1 市立 奈良県 宇陀市 宇陀市立病院 奈良県宇陀市宇陀市立病院 17047.3495 3391144 176 62.5 20.8 118 427 545 246.6 21514 12.8 81.7 5.1 1 -895.1333
589 589 683 23 1 市立 奈良県 大淀町 大淀病院 奈良県大淀町大淀病院 12683.52727 2583254 275 44 20.7 121 437 558 268.9 7440 7.6 34.2 2.5 1 -3847.329
590 590 684 23 1 市立 奈良県 国保中央病院組合 国保中央病院 奈良県国保中央病院組合国保中央病院 20258.7022 3260942 220 73.8 11.3 162 279 441 127.7 15413 14 67.3 3 1 1525.44
591 591 685 23 1 市立 和歌山県 海南市 海南市民病院 和歌山県海南市海南市民病院 17577.35878 2284002 150 68 18.4 102 254 356 201 2022 13.3 86 2.7 0 438.1566
592 592 686 23 1 市立 和歌山県 橋本市 橋本市民病院 和歌山県橋本市橋本市民病院 17907.61569 5771535 300 78.5 15.2 236 647 883 183 19617 15.8 72.3 3 1 101.0849
593 593 687 23 1 市立 和歌山県 有田市 市立病院 和歌山県有田市市立病院 14232.50552 2415612 153 72 16.8 110 355 465 214.7 11481 13.2 87.7 3.2 0 -2997.292
594 594 688 23 1 市立 和歌山県 新宮市 医療センター 和歌山県新宮市医療センター 19995.28343 6028378 300 88 17.6 264 562 826 141.7 21204 14.8 76 3.3 1 662.8457
595 595 689 23 1 市立 和歌山県 高野町 高野山病院 和歌山県高野町高野山病院 13024.4193 437360 41 21.9 36.3 9 83 92 615.2 6596 9.8 36.6 4.9 0 -4814.886
596 596 690 23 1 市立 和歌山県 すさみ町 国保すさみ病院 和歌山県すさみ町国保すさみ病院 14525.19996 789953 48 46.8 18.7 40 109 149 182.1 4425 10.6 50 1.4 0 -2990.415
597 597 691 23 1 市立 和歌山県 那智勝浦町 温泉病院 和歌山県那智勝浦町温泉病院 15690.94013 1838429 90 73.4 19.5 102 219 321 144.2 2754 8.3 54.3 2.7 0 -1448.868
598 598 692 23 1 市立 和歌山県 国民健康保険野上厚生病院組合 国保野上厚生総合病院 和歌山県国民健康保険野上厚生病院組合国保野上厚生総合病院 14599.38036 2850894 100 75.3 18 212 323 535 122.5 14089 5.1 51.9 2.6 0 -4527.201
599 599 693 23 1 市立 和歌山県 公立那賀病院経営事務組合 公立那賀病院 和歌山県公立那賀病院経営事務組合公立那賀病院 20515.9853 5751041 300 85.5 16.8 256 512 768 133.1 24228 16.3 85.8 3.9 1 753.0217
600 600 694 23 1 市立 和歌山県 御坊市外五ヶ町病院経営事務組合 国保日高総合病院 和歌山県御坊市外五ヶ町病院経営事務組合国保日高総合病院 16857.20612 5291477 300 66 15.7 279 581 860 156.6 8886 11.1 58.4 2.7 1 -2824.45
601 601 695 23 1 市立 和歌山県 公立紀南病院組合 社会保険紀南病院 和歌山県公立紀南病院組合社会保険紀南病院 21796.50449 10382220 352 88.7 14.5 453 852 1305 125.3 2642 13.3 74 3.4 1 -328.6316
602 602 696 23 1 市立 鳥取県 鳥取市 市立病院 鳥取県鳥取市市立病院 23995.01868 6743800 340 78.4 14.3 267 503 770 125.9 17813 14.4 71.6 4.1 1 4270.29
603 603 697 23 1 市立 鳥取県 岩美町 国保岩美病院 鳥取県岩美町国保岩美病院 13113.6654 1775787 60 85.8 18.9 95 276 371 193.9 22653 7.1 50.2 3.1 0 -3750.726
604 604 698 23 1 市立 鳥取県 智頭町 国保智頭病院 鳥取県智頭町国保智頭病院 13138.62659 1481840 52 87.9 16.4 90 219 309 162.2 44012 11.3 52.5 4 0 -4890.807
605 605 699 23 1 市立 鳥取県 南部町 西伯病院 鳥取県南部町西伯病院 12872.97634 2222455 49 83.8 19.2 174 299 473 113.9 17656 8.1 65.7 1.5 0 -5678.651
606 606 700 23 1 市立 鳥取県 日南町 日南町国民健康保険日南病院 鳥取県日南町日南町国民健康保険日南病院 12448.45053 1022329 59 72.5 11.6 69 156 225 149.4 10529 8.1 60.6 2 0 -4137.169
607 607 701 23 1 市立 鳥取県 日野病院組合 日野病院 鳥取県日野病院組合日野病院 15584.88239 1427809 99 73.5 26.4 73 178 251 177.7 18597 11.2 75.6 4 0 -1835.817
608 608 702 23 1 市立 島根県 松江市 市立病院 島根県松江市市立病院 20592.79538 9620954 416 82.4 14.4 383 897 1280 156.3 28471 17 80 3.4 1 -469.8845
609 609 703 23 1 市立 島根県 出雲市 出雲市立総合医療センター 島根県出雲市出雲市立総合医療センター 17347.3024 2779645 147 74.1 16 144 295 439 136.1 15925 8 48.2 2 0 -759.0523
610 610 704 23 1 市立 島根県 大田市 市立病院 島根県大田市市立病院 18184.71041 3783329 280 43.5 16.7 162 408 570 168.3 5192 6.5 59.9 2.3 0 230.92
611 611 705 23 1 市立 島根県 安来市 安来市立病院 島根県安来市安来市立病院 17480.44941 2909446 151 80.9 18.4 164 292 456 118.6 10766 9 81.9 3 0 -234.6902
612 612 706 23 1 市立 島根県 奥出雲町 奥出雲町立奥出雲病院 島根県奥出雲町奥出雲町立奥出雲病院 17070.31638 1750817 98 74.3 15.3 121 160 281 88.1 14135 8.9 67 3.5 0 -752.3032
613 613 708 23 1 市立 島根県 津和野町 津和野共存病院 島根県津和野町津和野共存病院 13029.8244 708627 50 72 19.6 36 113 149 210.1 3876 5.5 40.5 2 0 -1801.458
614 614 709 23 1 市立 島根県 邑智郡公立病院組合 公立邑智病院 島根県邑智郡公立病院組合公立邑智病院 14164.11747 1437233 98 65.9 11.7 65 213 278 220.1 15458 10.2 66 2 0 -2710.042
615 615 710 23 1 市立 島根県 隠岐広域連合（事業会計分） 隠岐病院 島根県隠岐広域連合（事業会計分）隠岐病院 12794.68171 2461121 104 76.5 15 98 429 527 291.8 6262 11.9 94 3 0 -4547.046
616 616 712 23 1 市立 岡山県 倉敷市 児島市民病院 岡山県倉敷市児島市民病院 12362.32564 1976365 165 68.9 18.4 143 295 438 137.7 3803 6.1 58.6 2 0 -3292.496
617 617 713 23 1 市立 岡山県 玉野市 玉野市民病院 岡山県玉野市玉野市民病院 14778.55319 2227793 199 60.3 16.8 120 293 413 162.7 3549 8.3 62.9 2.5 0 -1233.04
618 618 714 23 1 市立 岡山県 笠岡市 笠岡市民病院 岡山県笠岡市笠岡市民病院 14797.13851 1944344 160 59.7 20.6 118 242 360 149.5 4558 7.8 54.7 2 0 -2413.747
619 619 715 23 1 市立 岡山県 井原市 井原市民病院 岡山県井原市井原市民病院 14498.18042 2450120 120 92.2 16.3 141 322 463 151.8 15754 5.6 74.7 1.7 0 -1817.398
620 620 716 23 1 市立 岡山県 高梁市 国保成羽病院 岡山県高梁市国保成羽病院 14261.86858 1332629 106 55.3 18.9 85 171 256 149.5 3575 4.7 50 2.9 0 -1668.45
621 621 717 23 1 市立 岡山県 備前市 備前病院 岡山県備前市備前病院 15198.9726 1287049 90 65.1 19 64 168 232 207.6 25213 11 72.1 3.3 0 -1732.431
622 622 718 23 1 市立 岡山県 備前市 日生病院 岡山県備前市日生病院 12010.29141 1205533 40 81.5 17.4 72 203 275 186.6 18258 6.6 61.6 5.3 0 -5324.27
623 623 719 23 1 市立 岡山県 備前市 吉永病院 岡山県備前市吉永病院 11602.93199 1689793 50 93.8 17.2 47 352 399 605.9 25596 20.4 100.8 8 0 -5922.434
624 624 720 23 1 市立 岡山県 瀬戸内市 瀬戸内市立瀬戸内市民病院 岡山県瀬戸内市瀬戸内市立瀬戸内市民病院 12894.38648 1106016 110 56.5 20.3 62 173 235 185.3 3427 9 46.2 3.6 0 -3958.626
625 625 721 23 1 市立 岡山県 赤磐市 赤磐市立赤磐市民病院 岡山県赤磐市赤磐市立赤磐市民病院 17127.70742 662671 50 46.5 27.5 23 83 106 238.8 8456 8.4 47.4 6 0 -1275.167
626 626 722 23 1 市立 岡山県 真庭市 真庭市国民健康保険湯原温泉病院 岡山県真庭市真庭市国民健康保険湯原温泉病院 16590.68728 1410955 50 84.9 17.3 92 141 233 123.6 27044 6.7 63.8 1.9 0 -325.8509
627 627 723 23 1 市立 岡山県 美作市 美作市立大原病院 岡山県美作市美作市立大原病院 11233.42741 815940 40 88.2 16.7 72 127 199 142.8 24575 7.1 67.5 1.3 0 -5143.83
628 628 724 23 1 市立 岡山県 矢掛町 国保病院 岡山県矢掛町国保病院 11702.62842 1366867 57 94.4 18 93 227 320 162.5 16562 9.2 66.5 2.4 0 -4992.273
629 629 725 23 1 市立 岡山県 鏡野町 国保病院 岡山県鏡野町国保病院 10627.1428 1252887 48 76.4 21 70 253 323 293.7 8981 8.3 56.8 4.5 0 -6100.527
630 630 726 23 1 市立 岡山県 岡山市久米南町国民健康保険病院組合 国保福渡病院 岡山県岡山市久米南町国民健康保険病院組合国保福渡病院 13443.11868 1050042 60 76.9 26.9 46 168 214 270.6 9663 11.5 65.8 5 0 -3450.781
631 631 727 23 1 市立 広島県 呉市 公立下蒲刈病院 広島県呉市公立下蒲刈病院 9613.218791 621062 49 82.1 37.2 40 137 177 275 14020 14.7 63.5 2 0 -6825.098
632 632 728 23 1 市立 広島県 尾道市 尾道市立市民病院 広島県尾道市尾道市立市民病院 23899.78335 7170652 330 74.9 16 247 575 822 155.2 18909 13.9 99.3 4.5 1 4248.858
633 633 729 23 1 市立 広島県 尾道市 尾道市公立みつぎ総合病院 広島県尾道市尾道市公立みつぎ総合病院 17747.06028 5013722 192 94.7 20.4 227 547 774 178.9 22174 11.3 112.1 3.3 1 -1197.526
634 634 730 23 1 市立 広島県 福山市 福山市民病院 広島県福山市福山市民病院 31855.4812 13685274 394 92.4 11.7 364 813 1177 148.9 20729 28.4 98.6 5.3 1 8602.735
635 635 731 23 1 市立 広島県 府中市 府中北市民病院 広島県府中市府中北市民病院 13540.71853 1309726 60 68.8 17.2 68 197 265 193.7 17745 8 67 2.7 0 -4393.825
636 636 733 23 1 市立 広島県 三次市 市立三次中央病院 広島県三次市市立三次中央病院 19178.83312 7483293 350 91.7 14.2 321 748 1069 155.4 14109 17.4 90.9 3.1 1 -646.463
637 637 734 23 1 市立 広島県 庄原市 庄原市立西城市民病院 広島県庄原市庄原市立西城市民病院 15316.83168 1129310 54 85.1 36.8 46 156 202 226.4 16012 9.3 77.8 3.7 0 -765.8871
638 638 735 23 1 市立 広島県 安芸太田町 安芸太田病院 広島県安芸太田町安芸太田病院 13978.97542 1862349 53 79.4 18.9 125 240 365 154.8 6872 5.4 51.6 1.4 0 -2940.749
639 639 736 23 1 市立 広島県 北広島町 北広島町豊平病院 広島県北広島町北広島町豊平病院 13355.04039 760436 44 86 20.4 38 118 156 207.7 20547 8.6 88.6 4.5 0 -2839.65
640 640 738 23 1 市立 広島県 世羅中央病院企業団 公立世羅中央病院 広島県世羅中央病院企業団公立世羅中央病院 12793.30846 2554248 135 88.9 19.7 135 412 547 203.5 19689 7.1 74.8 3.2 0 -3303.24
641 641 739 23 1 市立 山口県 下関市 中央病院 山口県下関市中央病院 23903.60423 7520791 430 65.9 17.4 283 579 862 136.1 6956 14.2 67.5 3 0 3865.718
642 642 741 23 1 市立 山口県 下関市 豊田中央病院 山口県下関市豊田中央病院 13065.7045 1068252 45 82.1 21.6 58 166 224 191 18038 13.7 76.6 2.8 0 -4337.669
643 643 742 23 1 市立 山口県 萩市 市民病院 山口県萩市市民病院 17338.02002 2398455 100 83.5 14.1 83 296 379 236.4 20299 19 115.2 3.4 1 -664.9152
644 644 743 23 1 市立 山口県 岩国市 岩国市立錦中央病院 山口県岩国市岩国市立錦中央病院 12005.24987 784363 58 91.3 26.9 53 126 179 158.4 6610 6.9 46.6 3.4 0 -3856.125
645 645 744 23 1 市立 山口県 岩国市 岩国市立美和病院 山口県岩国市岩国市立美和病院 11914.06001 708827 60 73.9 40.7 44 119 163 178.8 3700 8.5 60 6.7 0 -4072.731
646 646 745 23 1 市立 山口県 光市 光市立光総合病院 山口県光市光市立光総合病院 16989.12756 3143923 210 64.6 16.9 136 371 507 182.7 7718 8.8 78.7 3.3 1 -549.7969
647 647 746 23 1 市立 山口県 光市 光市立大和総合病院 山口県光市光市立大和総合病院 18908.30887 2318915 40 37.3 14.5 162 174 336 71.8 14104 5.8 56.6 2.1 0 -1125.74
648 648 747 23 1 市立 山口県 美祢市 市立病院 山口県美祢市市立病院 16666.03966 2037840 96 82 26.7 127 208 335 109.3 19614 7.5 79.5 3.4 0 -792.5949
649 649 748 23 1 市立 山口県 美祢市 美東病院 山口県美祢市美東病院 13739.82826 1344030 60 94.4 20.3 94 174 268 123.4 15254 10.7 71 2 0 -3071.047
650 650 750 23 1 市立 山口県 山陽小野田市 山陽小野田市民病院 山口県山陽小野田市山陽小野田市民病院 16399.50227 3723179 215 80.1 14.6 172 450 622 173.9 5147 12.1 76.8 3.7 0 -1094.236
651 651 751 23 1 市立 山口県 周防大島町 周防大島町立東和病院 山口県周防大島町周防大島町立東和病院 13060.03732 1434841 131 75.2 89.8 98 203 301 137.6 26236 7.9 65.2 4.3 0 -3276.353
652 652 752 23 1 市立 山口県 周防大島町 周防大島町立橘病院 山口県周防大島町周防大島町立橘病院 9961.137065 628996 36 93.1 78.4 34 139 173 277.2 35492 14.4 68.3 7.8 0 -6641.064
653 653 753 23 1 市立 山口県 周防大島町 周防大島町立大島病院 山口県周防大島町周防大島町立大島病院 14187.47402 1330856 39 89 26.3 83 174 257 140.4 42627 8.8 58 4.3 0 -2206.206
654 654 754 23 1 市立 徳島県 徳島市 徳島市民病院 徳島県徳島市徳島市民病院 31996.43224 8887489 339 76.4 9.8 259 502 761 129.2 38239 21.5 94.8 4.7 1 10472.21
655 655 755 23 1 市立 徳島県 三好市 三野病院 徳島県三好市三野病院 17929.06446 844190 60 80.4 35.7 51 78 129 123.3 19632 9 53.3 3.3 0 241.7
656 656 756 23 1 市立 徳島県 勝浦町 国保勝浦病院 徳島県勝浦町国保勝浦病院 14349.87913 801369 60 66.9 22.9 40 113 153 187.3 7442 7.7 48.8 4.6 0 -2868.445
657 657 757 23 1 市立 徳島県 那賀町 那賀町立上那賀病院 徳島県那賀町那賀町立上那賀病院 12559.38513 600527 40 76.8 17.2 31 100 131 215.7 7225 11.3 80 2.5 0 -3127.89
658 658 758 23 1 市立 徳島県 美波町 国保日和佐病院 徳島県美波町国保日和佐病院 10529.7089 368961 30 74.4 37.1 22 74 96 222.2 1430 3.3 75.7 6.7 0 -5569.417
659 659 759 23 1 市立 徳島県 美波町 国保由岐病院 徳島県美波町国保由岐病院 11417.16164 520908 50 39.6 26.8 20 105 125 352.2 2773 6 53.4 4 0 -5715.48
660 660 760 23 1 市立 徳島県 海陽町 海南病院 徳島県海陽町海南病院 11088.591 566627 45 75 22.6 34 106 140 209.1 23045 8.9 73.3 4.4 1 -5959.9
661 661 761 23 1 市立 徳島県 つるぎ町 つるぎ町立半田病院 徳島県つるぎ町つるぎ町立半田病院 14244.30321 2162855 134 67.8 13 91 325 416 239.3 19859 10.4 61.9 3.7 1 -3989.107
662 662 762 23 1 市立 香川県 高松市 市民病院 香川県高松市市民病院 21378.34883 6414146 341 61.5 17.2 223 599 822 216.6 8415 11.6 64.1 3.6 1 1773.18
663 663 763 23 1 市立 香川県 坂出市 市立病院 香川県坂出市市立病院 15259.10192 3085543 216 69.4 16.8 150 404 554 217.1 1123 14 65.9 5.3 1 -2859.441
664 664 764 23 1 市立 香川県 さぬき市 さぬき市民病院 香川県さぬき市さぬき市民病院 14860.11802 3525563 175 78.4 16.6 137 513 650 249.3 17618 18.5 101.5 4.2 0 -4049.317
665 665 765 23 1 市立 香川県 三豊市 永康病院 香川県三豊市永康病院 11561.90623 1498134 92 78 23.9 141 214 355 101.6 3398 5 53.1 1.5 0 -5299.513
666 666 767 23 1 市立 香川県 土庄町 国保土庄中央病院 香川県土庄町国保土庄中央病院 10707.88934 1801763 89 76.1 20 89 372 461 280.2 6307 9.5 73.8 2.4 0 -5694.682
667 667 768 23 1 市立 香川県 小豆島町 内海病院 香川県小豆島町内海病院 14973.78105 2579683 145 56.9 16.2 110 362 472 219.4 9212 9.3 60.1 2.6 0 -2688.525
668 668 769 23 1 市立 香川県 綾川町 綾川町国民健康保険陶病院 香川県綾川町綾川町国民健康保険陶病院 12230.02203 1276692 35 93.1 17 59 227 286 318.8 20756 14.3 98.4 6.3 0 -4562.378
669 669 770 23 1 市立 愛媛県 宇和島市 市立宇和島病院 愛媛県宇和島市市立宇和島病院 18395.38496 10172188 426 97.5 13 415 1100 1515 176.6 29646 20.8 81.4 3.8 1 -2976.756
670 670 771 23 1 市立 愛媛県 宇和島市 宇和島市立吉田病院 愛媛県宇和島市宇和島市立吉田病院 12026.96467 1084291 96 40.5 24.8 83 164 247 131.8 8877 4.2 35 1.4 0 -5900.421
671 671 772 23 1 市立 愛媛県 宇和島市 宇和島市立津島病院 愛媛県宇和島市宇和島市立津島病院 11768.38635 1267161 88 56.4 17.2 89 206 295 154.1 8683 5.2 52.6 2.3 0 -5730.197
672 672 773 23 1 市立 愛媛県 八幡浜市 市立八幡浜総合病院 愛媛県八幡浜市市立八幡浜総合病院 17821.28244 3954899 310 63.6 20.3 197 411 608 139 4963 7.1 71.1 1.6 0 1950.912
674 674 775 23 1 市立 愛媛県 大洲市 大洲病院 愛媛県大洲市大洲病院 16861.27225 3040256 154 64.2 16.9 99 395 494 265.8 20256 6.7 80.7 7.2 0 -740.6687
675 675 776 23 1 市立 愛媛県 西予市 市立宇和病院 愛媛県西予市市立宇和病院 16233.48018 1345025 90 86.8 21.3 97 130 227 89.2 3359 4.9 56.7 2.1 0 349.0563
676 676 777 23 1 市立 愛媛県 西予市 市立野村病院 愛媛県西予市市立野村病院 10495.21147 1313948 120 83.2 22.2 100 243 343 162.5 7513 5 70 2.5 0 -5175.531
677 677 778 23 1 市立 愛媛県 久万高原町 国保病院 愛媛県久万高原町国保病院 11653.85025 876253 49 84.6 21.1 69 137 206 131.7 5286 7.8 70.1 3.9 0 -5332.625
678 678 779 23 1 市立 愛媛県 鬼北町 北宇和病院 愛媛県鬼北町北宇和病院 9490.268899 935266 55 68.9 19.5 71 199 270 186.6 19767 6 65 2 0 -7036.309
679 679 781 23 1 市立 高知県 土佐市 土佐市民病院 高知県土佐市土佐市民病院 12920.44792 2971057 150 92.2 20.9 138 492 630 237.2 25164 12.7 98 4 0 -4780.805
680 680 782 23 1 市立 高知県 四万十市 市民病院 高知県四万十市市民病院 18926.88356 1989594 130 73.7 21 70 218 288 208.9 14567 6.6 57.6 3.8 0 2632.283
681 681 783 23 1 市立 高知県 本山町 嶺北中央病院 高知県本山町嶺北中央病院 11559.66469 1413458 59 83.7 19.5 91 244 335 177.9 20809 7.6 46.6 1.5 0 -5538.457
682 682 784 23 1 市立 高知県 いの町 いの町立国民健康保険仁淀病院 高知県いの町いの町立国民健康保険仁淀病院 14037.53969 1547358 74 75.2 20.6 93 209 302 149.9 24723 7.9 57.9 1.8 0 -4643.6
683 683 785 23 1 市立 高知県 佐川町 高北国保病院 高知県佐川町高北国保病院 13028.83661 1312525 50 94.5 21.5 93 183 276 157.9 9233 7.4 67.6 3.7 0 -3073.429
684 684 786 23 1 市立 高知県 梼原町 国保梼原病院 高知県梼原町国保梼原病院 7716.862934 481648 30 81.4 23 24 147 171 400.2 21165 18.3 90 3.3 0 -9451.335
685 685 787 23 1 市立 高知県 大月町 国保大月病院 高知県大月町国保大月病院 7991.914003 420055 25 76.2 20.2 19 125 144 437.9 7070 20 64 4 0 -9365.598
686 686 788 23 1 市立 高知県 高知県・高知市病院企業団 高知医療センター 高知県高知県・高知市病院企業団高知医療センター 35726.20312 17890968 574 86.1 12 499 873 1372 116.6 34028 18.7 96.4 3.8 1 14087.39
688 688 790 23 1 市立 福岡県 飯塚市 飯塚市立病院 福岡県飯塚市飯塚市立病院 1067.1102 244603 250 74.6 18.3 187 441 628 190.6 928 12.2 70.1 3.2 1 -16259.8
689 689 791 23 1 市立 福岡県 田川市 市立病院 福岡県田川市市立病院 19195.95863 5205848 334 64 17.1 214 529 743 199.6 18546 9.3 73.2 2.6 0 936.5851
691 691 793 23 1 市立 福岡県 中間市 市立病院 福岡県中間市市立病院 15903.0952 1834263 122 48.1 19.6 59 257 316 325.4 9409 10.4 67.2 3.7 0 -1591.112
692 692 794 23 1 市立 福岡県 芦屋町 芦屋中央病院 福岡県芦屋町芦屋中央病院 14848.44835 2021542 97 80.6 20.8 107 266 373 200 11935 12.9 70.1 5.5 0 -3490.03
693 693 795 23 1 市立 福岡県 小竹町 小竹町立病院 福岡県小竹町小竹町立病院 21138.18129 725251 56 82.6 40 46 48 94 84.4 4564 7.1 55.7 1.8 0 5064.342
694 694 796 23 1 市立 福岡県 鞍手町 町立病院 福岡県鞍手町町立病院 17309.30422 2552430 122 70.9 19.9 173 231 404 107.6 6310 6.5 63.9 2.3 0 -606.585
695 695 797 23 1 市立 福岡県 糸田町 緑ヶ丘病院 福岡県糸田町緑ヶ丘病院 10128.58955 798538 54 78.3 32.9 75 141 216 151.6 1915 7.8 55.6 3 0 -6349.849
697 697 799 23 1 市立 福岡県 公立八女総合病院企業団 公立八女総合病院 福岡県公立八女総合病院企業団公立八女総合病院 27166.43157 8011924 300 93.3 17.2 281 527 808 151.1 19332 17.7 122.3 5.3 1 7009.762
698 698 800 23 1 市立 佐賀県 佐賀市 佐賀市立富士大和温泉病院 佐賀県佐賀市佐賀市立富士大和温泉病院 15354.98843 1227401 54 73.9 19 76 143 219 152.1 14014 7.3 81.5 2 0 -1386.013
699 699 802 23 1 市立 佐賀県 伊万里市 市民病院 佐賀県伊万里市市民病院 4401.053741 271479 60 73.1 16.8 44 125 169 191.1 7403 7.8 53.1 4.7 0 -3816.117
700 700 803 23 1 市立 佐賀県 小城市 市民病院 佐賀県小城市市民病院 12838.85234 1190290 99 67.2 18.4 66 188 254 188.1 5831 11.3 64.5 3 0 -3267.006
701 701 804 23 1 市立 佐賀県 有田町 有田共立病院 佐賀県有田町有田共立病院 5009.585225 656431 165 76.2 18.5 126 233 359 124.2 4715 6.7 60.6 2.4 0 -2468.966
702 702 805 23 1 市立 佐賀県 大町町 町立病院 佐賀県大町町町立病院 12755.43863 703016 60 86 26.4 52 99 151 127.3 4740 6.7 65 3.3 0 -4063.782
703 703 806 23 1 市立 佐賀県 太良町 町立太良病院 佐賀県太良町町立太良病院 9790.11208 786146 60 71.8 17.3 43 177 220 331.5 23953 10 66.7 1.7 0 -6349.654
704 704 807 23 1 市立 長崎県 長崎市 長崎市立市民病院 長崎県長崎市長崎市立市民病院 24332.64275 7540321 414 81.4 16.1 337 512 849 101.2 1936 16.9 63.9 3.5 1 4313.017
705 705 808 23 1 市立 長崎県 長崎市 長崎市立病院成人病センター 長崎県長崎市長崎市立病院成人病センター 30566.91866 2688819 140 56.7 18.6 89 152 241 113.6 3515 8 57.8 3.2 0 12886.49
706 706 809 23 1 市立 長崎県 佐世保市 佐世保市立総合病院 長崎県佐世保市佐世保市立総合病院 25280.88541 13139993 570 88.7 13.3 510 914 1424 119.4 7850 20 100.6 2.4 1 3222.497
707 707 812 23 1 市立 長崎県 平戸市 国民健康保険平戸市民病院 長崎県平戸市国民健康保険平戸市民病院 11217.22231 1359303 58 95.6 18.8 102 230 332 149.7 10659 8.5 82 2.2 0 -5305.071
708 708 813 23 1 市立 長崎県 平戸市 平戸市立生月病院 長崎県平戸市平戸市立生月病院 10958.03101 727942 60 87.1 26.7 52 130 182 165.4 8365 8.3 71.7 3.3 0 -4236.265
709 709 814 23 1 市立 長崎県 壱岐市 壱岐市民病院 長崎県壱岐市壱岐市民病院 14102.80837 2362714 120 77.5 20.2 101 358 459 236.2 13187 8.9 53.5 2 0 -3480.433
711 711 817 23 1 市立 長崎県 長崎県病院企業団 五島中央病院 長崎県長崎県病院企業団五島中央病院 16311.36716 4834363 230 78.2 16.2 217 595 812 183.1 22206 10.5 61.2 2.1 0 -2569.693
712 712 818 23 1 市立 長崎県 長崎県病院企業団 富江病院 長崎県長崎県病院企業団富江病院 12332.61483 612191 55 84 38.3 46 90 136 129.5 11131 5.5 55.1 1.8 0 -2721.242
713 713 819 23 1 市立 長崎県 長崎県病院企業団 奈留病院 長崎県長崎県病院企業団奈留病院 14918.07972 604406 52 45.7 19.9 24 87 111 244 10696 3.8 50.8 3.8 0 -2066.937
714 714 820 23 1 市立 長崎県 長崎県病院企業団 上五島病院 長崎県長崎県病院企業団上五島病院 11393.96234 3776187 132 84.7 15.5 152 756 908 331.3 23026 12.9 91.7 5.4 0 -6956.39
715 715 821 23 1 市立 長崎県 長崎県病院企業団 対馬いづはら病院 長崎県長崎県病院企業団対馬いづはら病院 14015.7474 3488940 154 93.2 19.1 183 499 682 182.1 14193 11.6 71.5 2.4 0 -3368.646
716 716 822 23 1 市立 長崎県 長崎県病院企業団 上対馬病院 長崎県長崎県病院企業団上対馬病院 15584.18554 1149022 60 79.3 19.6 48 154 202 215.2 15358 10 98.8 3.3 0 -415.9495
717 717 823 23 1 市立 長崎県 長崎県病院企業団 中対馬病院 長崎県長崎県病院企業団中対馬病院 13890.89061 1708649 90 81 19.6 92 245 337 178.5 5377 7.9 66.3 2.2 0 -3213.607
718 718 825 23 1 市立 長崎県 長崎県病院企業団 島原病院 長崎県長崎県病院企業団島原病院 27883.99083 4742788 250 82.9 16.2 207 259 466 83.2 14258 10.6 76.7 2.4 1 10388.52
719 719 826 23 1 市立 熊本県 熊本市 熊本市民病院 熊本県熊本市熊本市民病院 23942.08356 11902328 550 74.3 13.5 409 953 1362 155.5 9866 18.8 96.2 2.7 1 2475.108
720 720 827 23 1 市立 熊本県 熊本市 植木病院 熊本県熊本市植木病院 15392.56522 1354007 102 71.9 18 102 139 241 90.9 15427 7.1 44.5 3.3 1 -648.7921
721 721 828 23 1 市立 熊本県 八代市 国保市立病院 熊本県八代市国保市立病院 21712.09053 729092 66 79.5 75.6 57 35 92 49.7 1636 6.3 38.9 2.9 0 5262.739
722 722 829 23 1 市立 熊本県 荒尾市 荒尾市民病院 熊本県荒尾市荒尾市民病院 24250.64714 5133862 270 83.7 17.6 226 354 580 104.5 5056 12.4 94.4 3.1 1 6087.409
723 723 830 23 1 市立 熊本県 水俣市 国保総合医療センター 熊本県水俣市国保総合医療センター 13586.00209 6173819 413 74.1 17.4 306 939 1245 204.6 6197 11.5 73 3.4 1 -4889.252
724 724 831 23 1 市立 熊本県 山鹿市 市立病院 熊本県山鹿市市立病院 17805.7846 2684133 197 73.6 19.3 145 268 413 123.2 22040 10.4 83.5 2 1 432.5979
725 725 832 23 1 市立 熊本県 上天草市 上天草総合病院 熊本県上天草市上天草総合病院 10984.47489 2826580 149 91.1 21 181 524 705 192.7 14132 10 76.1 1 0 -6360.206
726 726 833 23 1 市立 熊本県 宇城市 宇城市民病院 熊本県宇城市宇城市民病院 10799.90387 449384 45 54 15.8 24 90 114 298.9 6600 6.7 37.8 2.2 0 -5521.502
727 727 834 23 1 市立 熊本県 阿蘇市 阿蘇市国民健康保険阿蘇中央病院 熊本県阿蘇市阿蘇市国民健康保険阿蘇中央病院 14239.69029 1195422 120 52.5 22.5 63 167 230 177 3749 6.1 43.6 3.2 0 -1704.651
728 728 835 23 1 市立 熊本県 天草市 天草市立牛深市民病院 熊本県天草市天草市立牛深市民病院 13453.01252 1713712 105 87.1 28.7 136 213 349 125.8 9206 7.3 66.7 1.3 0 -2793.043
729 729 836 23 1 市立 熊本県 天草市 天草市立栖本病院 熊本県天草市天草市立栖本病院 13366.90411 365919 24 80.8 22.4 24 51 75 174.4 7110 2.9 28.6 1.4 0 -1320.052
730 730 838 23 1 市立 熊本県 天草市 河浦病院 熊本県天草市河浦病院 11212.19052 892154 39 87.7 19.7 90 128 218 114.7 12435 5.9 59.7 2 0 -5565.149
731 731 839 23 1 市立 熊本県 和水町 和水町立病院 熊本県和水町和水町立病院 13536.07306 874498 56 52 16 66 111 177 113.3 7111 5.7 56.1 1 0 -4025.579
732 732 840 23 1 市立 熊本県 山都町 山都町立国民健康保険蘇陽病院 熊本県山都町山都町立国民健康保険蘇陽病院 11163.09177 786384 57 78.6 18.3 45 148 193 266.9 2578 8.8 66.7 1.8 0 -4173.939
733 733 841 23 1 市立 熊本県 小国町外１ヶ町公立病院組合 小国公立病院 熊本県小国町外１ヶ町公立病院組合小国公立病院 9055.624741 981675 75 71.4 14.7 54 243 297 302 8946 8 70.7 2.7 0 -6953.816
734 734 842 23 1 市立 大分県 中津市 中津市民病院 大分県中津市中津市民病院 20923.73275 4230988 250 82.3 11.9 206 348 554 112.8 1483 16.8 76.4 2.8 1 2043.693
735 735 843 23 1 市立 大分県 杵築市 山香病院 大分県杵築市山香病院 14743.51949 2168698 102 93.9 23.6 129 274 403 142.1 15192 7.2 63 2.9 0 -2538.506
736 736 844 23 1 市立 大分県 国東市 国東市民病院 大分県国東市国東市民病院 16739.44723 3122158 177 93.3 20.1 187 324 511 115.6 12958 9.1 62.6 3.1 0 -1219.023
737 737 845 23 1 市立 宮崎県 宮崎市 宮崎市立田野病院 宮崎県宮崎市宮崎市立田野病院 13950.88346 702706 42 89.7 19.6 38 100 138 176.5 40475 9.5 64.3 4.8 0 -2340.547
738 738 846 23 1 市立 宮崎県 日南市 日南市立中部病院 宮崎県日南市日南市立中部病院 13787.21911 1021564 88 55.5 32.4 49 154 203 209.8 18435 5.2 73 4.3 0 -3222.282
739 739 847 23 1 市立 宮崎県 小林市 小林市立病院 宮崎県小林市小林市立病院 21934.46192 1833392 143 57.8 18.5 83 146 229 117.6 27758 7.5 61.9 2.7 0 2650.429
740 740 849 23 1 市立 宮崎県 串間市 市民病院 宮崎県串間市市民病院 12160.82413 1646758 120 72 17.8 86 285 371 220.6 19443 10.8 42.5 1.7 0 -4301.282
741 741 850 23 1 市立 宮崎県 えびの市 市立病院 宮崎県えびの市市立病院 13267.99372 929821 50 67.1 24.3 34 158 192 314.2 7028 10 38 2 0 -2342.648
742 742 851 23 1 市立 宮崎県 高原町 国保高原病院 宮崎県高原町国保高原病院 11768.77958 945033 56 77.6 16.6 43 177 220 331.5 23584 5.4 57.1 1.8 0 -3790.66
743 743 852 23 1 市立 宮崎県 都農町 都農町国民健康保険病院 宮崎県都農町都農町国民健康保険病院 11915.67568 804606 61 61.9 21.6 38 147 185 259 5485 7.7 46.2 3.1 0 -4371.165
744 744 854 23 1 市立 宮崎県 椎葉村 椎葉村国民健康保険病院 宮崎県椎葉村椎葉村国民健康保険病院 11915.65741 465366 30 63.2 18 19 88 107 310.5 16603 10 76.7 6.7 0 -5238.173
745 745 855 23 1 市立 宮崎県 美郷町 西郷病院 宮崎県美郷町西郷病院 10294.28004 492221 29 78.6 18.6 23 108 131 314.7 22497 13.8 113.8 3.4 0 -6187.845
746 746 856 23 1 市立 宮崎県 高千穂町 国保病院 宮崎県高千穂町国保病院 9834.910269 1852307 120 83.4 23.7 100 416 516 274.8 22788 8.3 58.3 1.7 0 -5919.917
747 747 857 23 1 市立 宮崎県 日之影町 国保病院 宮崎県日之影町国保病院 14537.44292 668577 50 55.4 21.3 28 98 126 236.9 19136 6 64 4 0 -3000.619
748 748 858 23 1 市立 宮崎県 五ケ瀬町 国保病院 宮崎県五ケ瀬町国保病院 10871.77406 642848 36 94.1 19.9 47 115 162 163.6 14613 7.4 40.7 1.9 0 -4841.731
749 749 859 23 1 市立 鹿児島県 鹿児島市 市立病院 鹿児島県鹿児島市市立病院 27639.05952 13124822 641 73.2 16.1 469 832 1301 118.3 3707 13.2 85.9 3.2 1 6402.753
750 750 860 23 1 市立 鹿児島県 枕崎市 市立病院 鹿児島県枕崎市市立病院 12053.32603 549933 20 98.4 24.7 56 69 125 85.2 10212 3.3 69.2 1.7 0 -3390.206
751 751 861 23 1 市立 鹿児島県 出水市 出水総合医療センター 鹿児島県出水市出水総合医療センター 17871.95386 3594318 330 46.2 16.6 164 387 551 157.5 8961 5.7 44.6 2.7 1 1775.249
752 752 862 23 1 市立 鹿児島県 垂水市 垂水中央病院 鹿児島県垂水市垂水中央病院 18486.80027 2186249 126 88 18.5 111 213 324 154.5 9451 10.9 107.9 4 0 1567.497
753 753 863 23 1 市立 鹿児島県 霧島市 医師会医療センター 鹿児島県霧島市医師会医療センター 25465.91535 3931810 250 78.4 17.1 196 227 423 93.5 8619 10.7 84.9 2.7 1 7364.388
754 754 865 23 1 市立 鹿児島県 肝付町 町立病院 鹿児島県肝付町町立病院 11133.12832 597348 40 92.3 36.2 37 110 147 200.4 7323 7.5 72.5 2.5 0 -3378.057
755 755 866 23 1 市立 鹿児島県 公立種子島病院組合 公立種子島病院 鹿児島県公立種子島病院組合公立種子島病院 11469.12194 766080 60 54.3 24.8 33 150 183 305.3 31342 4 83.9 3.2 0 -5773.137
756 756 868 23 1 市立 沖縄県 沖縄県離島医療組合 久米島病院 沖縄県沖縄県離島医療組合久米島病院 13670.91615 863250 40 59.6 11.6 24 149 173 408.8 36010 17.5 72.5 2.5 0 -3277.796
