fe
 819.7210
 2060.241
 40725.48
 22357.34
 13402.40
-3120.369
-2818.043
-1171.775
 498.4502
-2497.435
-1410.405
-3495.345
-1506.261
 2721.926
-3695.940
-7440.415
-1432.316
-148.8552
 1723.653
-2226.671
 3659.588
 3003.633
 10190.91
 3712.903
 30855.49
 14912.21
 11278.36
 23498.40
 15045.17
 22992.03
 27452.33
 8686.398
 13358.83
 21056.40
 8669.933
 1404.323
 20285.83
 9891.092
 4905.487
 14208.20
 6112.610
 43352.80
-3050.400
 12885.91
 2618.349
-688.6291
-555.0448
-70.28378
 14391.82
-2138.468
-1710.630
 3915.246
-1833.632
-4927.264
-1861.798
 126.5274
 2597.546
-3893.086
-837.9813
-7145.826
 13415.13
 12072.75
 15925.21
 8457.584
 7779.321
 5172.371
 7957.831
 8867.245
 2767.765
-1536.000
 350.8438
 6521.456
 895.5999
 11834.89
 21136.91
 11955.65
 25399.99
-53.40565
 548.6161
 1749.809
 2766.146
 978.8923
-2246.334
-3379.809
-2467.702
 4895.886
 1226.459
 2048.760
-2908.845
-680.8145
-2857.226
 3869.786
-68.93434
 5020.485
 762.4602
 5379.327
 14862.23
 6336.892
 9423.538
-490.4725
-1955.908
 6289.565
-257.4826
-1594.408
-5597.148
-2349.823
-2146.379
 309.4543
 6260.402
-598.6643
 30814.53
-8171.227
 830.3541
 2265.018
-698.0081
 2533.366
 3723.268
 1644.477
-5564.710
 10.88320
 1804.725
 3567.260
-2615.952
-1745.742
-318.1695
 4466.478
 3039.130
 35457.32
-88.51781
-2472.019
-1065.084
-1512.751
-6171.522
 199.0820
-5262.132
-1378.674
-2891.967
-4251.779
-3350.934
-4085.377
-5164.446
-3817.220
-3917.058
-5286.381
-458.8968
-3443.756
-5343.387
-2636.075
-4262.525
 2061.404
-2032.398
-5100.954
 4207.275
-612.6959
 1663.211
 1297.280
 898.0396
-1291.241
-3196.677
 2927.771
-1724.280
 188.0979
-990.9159
-1031.252
 6632.978
-4190.226
-3102.914
 856.3982
-165.7382
 57.73853
-3370.805
-3378.237
-42.32091
 202.1999
-1685.439
-746.9998
-2063.144
 1437.326
 1374.304
-1005.506
-277.9726
-1242.142
 2027.595
-1417.391
-10826.99
-422.7962
 3479.440
 2166.539
-3549.256
 287.6348
-123.1415
-2593.909
-872.4024
-3542.982
-2876.751
-805.6143
-2490.556
-1109.524
-1560.937
-3127.575
-1391.614
-1731.323
 1029.586
-1767.760
-2922.127
-2243.432
 2682.436
 2065.843
 2535.831
-3020.605
-2838.498
-953.1040
-578.1496
-4298.658
-578.0999
-944.7890
-3761.762
-4397.659
-2676.863
-3461.801
-3004.942
-1844.141
-6024.703
-5685.308
-3201.969
-17.27178
-3927.834
-592.7330
-3616.727
-4491.143
-2026.748
-654.9596
-3042.543
-858.6467
-6093.501
-3932.577
-7943.000
-1272.764
-2023.611
-596.1134
 2824.865
-4659.283
-3249.787
-1871.834
-2234.966
-1292.687
-625.8857
-2916.045
-1915.181
-3236.077
 2636.785
 4905.143
 3574.217
 2169.751
-6321.718
-3227.683
-1431.149
-5315.817
-1574.942
-930.8545
 2805.447
-4474.369
-3723.608
-4010.931
-2781.271
-1399.205
 369.0295
 467.4422
-2108.451
-2690.769
-3223.109
-1582.796
-4217.665
-1412.910
-330.5367
-2860.553
-1074.782
-4100.604
-3638.980
-3783.800
 4514.919
-11259.19
-13569.40
-4465.996
 3151.058
-1781.765
 1633.092
-2217.843
 3321.934
-158.1833
-2196.672
-440.1179
-3479.957
 4832.647
-1937.905
 144.6217
-1177.290
-2430.534
 2934.350
-1006.121
 1612.050
-1665.166
-4295.212
 1581.511
 11153.91
 4786.498
 356.6921
-3140.872
-1997.753
 316.2681
-1752.909
 14674.11
 581.2237
 2085.680
-12544.94
-9158.911
-4286.655
-3497.151
-2500.546
-2192.275
 424.9493
-1920.184
-2678.176
-13392.42
-314.4943
 2032.466
-2075.717
-5655.177
 1147.507
-1884.770
-4763.455
-1548.990
-1345.800
 2478.968
 3059.617
 1691.810
-3163.404
-527.3297
-3244.522
-5542.039
-5642.178
-3243.764
-4226.501
 760.7351
 8677.987
-1349.465
 3042.486
-2721.654
 722.4512
-4923.643
-4028.453
-3460.474
-5529.749
-1962.942
 3113.569
-1558.687
-2684.027
-4396.021
-4205.424
-1346.863
-950.4607
-14014.67
-2689.137
-686.4631
-3920.755
-3304.006
-4132.700
-5809.399
-2244.915
 532.6508
-2533.135
-5113.720
-2529.010
 242.2332
-2355.707
 3183.337
-2823.469
 30.83389
-56.31486
-3457.227
 1691.026
-2669.726
 2137.654
 834.9524
-2161.065
 202.7799
-2425.026
 565.2072
-1958.219
 439.5631
-4828.541
-1648.177
 77.30544
 1180.151
-544.9702
-3581.805
-3563.484
 3782.693
-3468.349
 3043.016
-6566.909
-8091.947
-2403.594
-5969.647
-1649.569
-2467.001
 10.25183
-1863.787
-4233.337
-3405.302
-4749.096
-2169.694
 2015.710
 3445.573
 1757.108
-4188.171
 3053.101
-2494.593
-3725.415
-676.4748
-513.5589
 4076.410
 2566.645
 4782.731
-593.9545
 2140.203
-9230.647
-6225.355
-5277.972
 6600.753
-4923.638
-8334.787
-7024.118
-2920.359
-1329.438
-5712.513
 3459.703
 2890.051
-1784.130
 2258.617
-6948.919
-4366.680
 241.1308
 2029.191
 6648.708
-683.3160
 3483.319
-3234.382
 8644.871
-1644.682
-4304.538
-3773.440
-1625.767
-2670.687
-4532.931
-6588.150
-2485.639
 63.33986
-1776.736
 1231.349
-2059.281
-934.2510
 4640.128
-2990.151
-907.2142
 8482.952
 16.38928
-1136.638
-4272.993
-3138.271
-2768.890
 1305.943
-3251.470
-3267.895
-2059.750
-3536.871
-570.5460
-2505.093
 2001.950
 614.3989
-508.1380
-777.6585
 2287.644
-3821.696
-841.1519
 2403.195
-2527.733
 7777.363
-2406.188
 1393.335
 1201.283
 11718.54
-2697.699
 278.3648
-1177.474
 2117.019
 2604.869
-837.5375
 998.8362
-1781.155
-1964.319
-2907.203
-2233.161
-2491.338
-3150.279
 339.6623
 1706.251
 1096.348
 2203.962
 4106.620
-4625.528
-477.8235
-3074.836
 2516.568
 755.1196
-106.1316
-112.4529
-1845.542
-763.0153
 361.4605
-3113.413
 24.41363
-3081.989
 3296.171
-1115.663
-2764.405
-4103.640
-2043.239
-449.8578
-2087.011
 633.7031
-180.1494
 1211.083
 1043.127
-1266.100
-4177.205
-2611.169
-871.9216
-1339.889
-1174.480
 64.44275
-114.4461
-2977.529
-4351.722
-1818.419
 1442.295
 1552.285
-3247.259
-2826.676
-3759.991
-1098.346
-4147.762
 2059.221
-2378.739
 7313.737
-2546.640
-1845.743
 977.8933
-1030.133
-1251.496
-1980.197
 2184.836
-2432.317
-422.9061
-1082.514
-1755.679
-754.5293
-93.55266
 275.5312
-1358.553
-902.6171
-1802.857
-3601.906
 411.3592
 9546.572
 2888.333
-245.5351
-1483.291
-3865.123
-3631.484
-2105.468
 1167.582
-2144.437
-3806.505
-4520.691
-1551.934
-3630.149
-4962.698
-3715.876
-4037.775
 1017.119
-133.9198
-4270.677
-3445.139
-5326.794
 4148.932
-3211.716
-2960.742
-1081.642
-7305.910
-6412.038
 9795.488
-19479.02
-17.09766
-281.1759
-1606.043
 7571.773
 62.40632
-4193.643
 4738.152
-342.8265
-1473.376
-1794.174
-1507.072
-2182.950
-4632.712
 3020.825
 13901.75
-739.3758
-4104.868
-2566.961
-1809.781
-2016.389
-450.3710
 261.0101
-6188.954
-2381.152
 887.0091
-1878.921
 10211.08
-1388.715
 1377.959
 8002.411
 4565.422
-6142.883
 381.9378
-5902.205
-2541.882
 342.9703
-1700.001
 2031.815
-3522.791
-2294.477
-2401.152
-5511.502
 2177.257
-1029.633
-474.4898
 235.9937
-2024.124
 3793.542
-2150.612
 864.2646
-1637.878
-1647.510
-3254.167
-4965.146
-4282.405
-954.5723
-1610.836
 1723.456
-1687.909
 1509.585
 1366.112
 6770.722
-1636.134
-4703.623
-947.2589
