2610.5
2737
2754.5
2749
2824
2775
2774
2698.5
2697.5
2769
3101.5
3138.5
3064
3073.5
3231.5
3220.5
3144
3125
3174.5
3227
3201
3205.5
3276
3280
3346.5
3414.5
3345.5
3345
3325
3344
3337
3283.5
3245
3256.5
3262.5
3223
3102
3235
3410
3381
3359.5
3345
3306.5
3273
3165
3196.5
3210.5
3190
3235
3336
3450
3482.5
3490
3525
3619.5
3677.5
3670
3750
3779.5
3692
3555.5
3616
3680.5
3675.5
3616
3739
3729
3691
3644.5
3628.5
3609.5
3623
3727
3833
3881
3816
3892
3900
3957
3906.5
3853.5
3842
3929.5
3908
3828.5
3837
3862
3822.5
3806.5
3754.5
3773
3733.5
3694
3607
3653
3759.5
3786.5
3815.5
3761
3698.5
